Run, velocity(km/s), b(km/s), N_fit, upper_N_err, lower_N_err, q_fit, upper_q_err, lower_q_err, area, area_err
M3.6-v1000-T0.3-c, 30, 15, 6.4004138898e+16, 606238392.0, 6.40041382551e+16, 1.62311571037, 13.745520213, 4.01871154132e-08, 2.16738664003e+15
M3.6-v1000-T0.3-c, 37, 36, 3.56744770811e+16, 365406228.0, 3.56744769842e+16, 0.855988851192, 14.7925532195, 1.37267525124e-08, 1.8241526005e+15
M3.6-v1000-T0.3-c, 59, 45, 2.32606646587e+16, 164841992.0, 2.32606640024e+16, 1.54091580824, 15.161608221, 2.6320989388e-08, 8.13521410755e+14
M3.6-v1000-T0.3-c, 110, 99, 4.92015100062e+15, 38914052.0, 4.92015091359e+15, 0.535946994917, 15.422403414, 7.63094398781e-09, 3.43911665904e+14
M3.6-v3000-T3-c, 18, 36, 1.64535960049e+15, 324848563477.0, 1.6453431022e+15, 0.0195442812033, 39.2780585074, 1.94300297032e-09, 7.69371038152e+14
M3.6-v3000-T3-c, 0, 24, 5.35788803425e+16, 661450104.0, 5.35788801984e+16, 4.77111128049, 11.6585669945, 3.97271866071e-07, 1.01147124961e+15
M3.6-v3000-T3-c, 42, 47, 2.20885127167e+16, 457002432.0, 2.20885125138e+16, 1.72326511343, 24.1145371671, 7.78984952099e-08, 7.20934624759e+14
M3.6-v3000-T3-c, 44, 47, 1.3106128834e+17, 2666962096.0, 1.31061286957e+17, 14.2348375993, 9.7584586173, 0.0370296483424, 1.70867266946e+15
M3.5-v1700-T1-c, 13, 24, 2.24607356078e+15, 77996436725.2, 2.24607345989e+15, 0.035088341568, 39.2510706385, 2.70503182492e-08, 8.08791501677e+14
M3.5-v1700-T1-c, 22, 26, 1.73484346649e+16, 143439252.0, 1.73484346443e+16, 0.687133108925, 28.9960984023, 1.0081683377e-08, 1.02679980077e+15
M3.5-v1700-T1-c, 29, 31, 9.16488596692e+16, 1123865920.0, 9.16488593502e+16, 7.04297208104, 11.8790854228, 1.56583397537e-06, 1.47568836155e+15
M3.5-v1700-T1-c, 37, 32, 6.08102286769e+16, 678378040.0, 6.08102259465e+16, 7.63698643193, 11.0754018101, 2.64905041218e-05, 9.50956781795e+14
M3.8-v1000-T0.3, 105, 61, 1.10518067404e+16, 1266251034.0, 1.10518049002e+16, 0.634388623341, 19.4503273498, 1.01234230998e-08, 6.90008942825e+14
M3.8-v1000-T0.3, 138, 81, 8.66752964495e+15, 57206548.0, 8.66752814741e+15, 0.456516855756, 13.8494372382, 4.8319590551e-09, 6.74520972386e+14
M3.8-v1000-T0.3, 150, 71, 5.73072819155e+15, 42169785.0, 5.7307281805e+15, 0.280134771426, 25.4882206539, 4.04480748895e-09, 6.16451621834e+14
M3.8-v1000-T0.3, 207, 118, 1.17685395994e+15, 972857329479.0, 1.17685376322e+15, 0.0707971527515, 39.7689610793, 6.41290109349e-08, 2.93964954195e+14
M3.6-v3000-T3, 75, 69, 1.78408099852e+16, 279121904.0, 1.78408095212e+16, 0.997055978796, 21.8654609381, 2.07804313757e-08, 8.24968334313e+14
M3.6-v3000-T3, 100, 70, 1.46718581712e+16, 92116158.0, 1.46718561395e+16, 0.782115555258, 14.1008369139, 7.23437554306e-09, 7.96549876603e+14
M3.6-v3000-T3, 101, 65, 1.15110750316e+16, 86148464.0, 1.15110743489e+16, 0.843136943839, 20.5904866689, 1.09856818087e-08, 5.94529466701e+14
M3.6-v3000-T3, 120, 83, 3.56217622243e+15, 28631595.0, 3.5621757537e+15, 0.356738693572, 19.6294994655, 4.58356075317e-09, 3.26722166625e+14
M3.5-v1700-T1, 87, 72, 2.71792624631e+16, 266175772.0, 2.7179255116e+16, 2.20871264276, 12.8451982079, 6.27816794108e-07, 7.64892023242e+14
M3.5-v1700-T1, 117, 86, 1.78105297486e+16, 128850984.0, 1.78105296501e+16, 1.3754788716, 23.0122697353, 1.72915572971e-08, 6.69035645824e+14
M3.5-v1700-T1, 130, 73, 1.05283425188e+16, 89818526.0, 1.05283422412e+16, 0.879803472923, 22.5141935875, 1.26551115143e-08, 5.28658213406e+14
M3.5-v1700-T1, 133, 85, 2.95130447175e+15, 169264391.5, 2.95130431898e+15, 0.277383022158, 30.2851718871, 3.25894017328e-09, 3.19528813397e+14
M3.8-v1000-T0.3-hc, 170, 109, 1.9694590853e+16, 1.48986697745e+13, 1.96945906937e+16, 0.0305086270406, 38.8871075973, 1.17873036767e-05, 7.57773060055e+15
M3.8-v1000-T0.3-hc, 181, 123, 1.35659100508e+16, 7.30559323503e+13, 1.35659078692e+16, 0.0211476486435, 36.265349055, 2.66889421838e-06, 6.13935863997e+15
M3.8-v1000-T0.3-hc, 257, 197, 1.32158213493e+16, 4.22050249575e+13, 1.32158213409e+16, 0.0440965713137, 48.8237344918, 4.18045688292e-05, 4.2496510777e+15
M3.8-v1000-T0.3-hc, 369, 300, 1.20907072543e+16, 38017760292.0, 1.2090706519e+16, 0.103599535003, 31.6918256033, 1.92387825115e-09, 2.42625752163e+15
M3.5-v1700-T1-hc, 56, 53, 4.25189059706e+17, 8689665024.0, 4.25189059701e+17, 2.73955240925, 25.6815481672, 3.70194176202e-07, 1.05938235128e+16
M3.5-v1700-T1-hc, 82, 57, 1.28839966073e+17, 1456276208.0, 1.28839966068e+17, 0.611959006212, 19.1993278483, 8.46056147363e-09, 8.24018454826e+15
M3.5-v1700-T1-hc, 74, 74, 7.32180162716e+16, 708473344.0, 7.32180160741e+16, 2.28537644342, 11.6156886312, 3.91578516279e-08, 2.0202445527e+15
M3.5-v1700-T1-hc, 75, 73, 7.14626666083e+16, 683739400.0, 7.14626663931e+16, 2.26929950685, 17.1540008033, 4.12088927426e-08, 1.97985706244e+15
M3.6-v3000-T3-hc, 32, 23, 2.64435336881e+17, 2424601216.0, 2.64435336865e+17, 0.530537554805, 24.4292922403, 7.56094609144e-09, 1.86096908644e+16
M3.6-v3000-T3-hc, 38, 31, 3.22014158369e+17, 160862778752.0, 3.22014158364e+17, 1.51286879773, 23.1351644767, 4.32931049676e-07, 1.139211955e+16
M3.6-v3000-T3-hc, 57, 53, 3.68025235476e+17, 5415394560.0, 3.68025235448e+17, 2.62552460819, 20.235371649, 8.45806544802e-08, 9.38741715699e+15
M3.6-v3000-T3-hc, 62, 61, 1.78731265398e+17, 2171476576.0, 1.7873126508e+17, 2.52016453968, 19.4202709996, 4.20236035126e-06, 4.6645456501e+15
M6.5-v1700-T0.3-lc, 57, 56, 6.66067074202e+16, 561706000.0, 6.66067042055e+16, 1.29311033383, 10.3726467625, 2.04228856049e-08, 2.60233797577e+15
M6.5-v1700-T0.3-lc, 69, 58, 4.29821448224e+16, 377819152.0, 4.29821441811e+16, 2.22503041932, 17.1052586164, 3.7455893942e-08, 1.20446561396e+15
M6.5-v1700-T0.3-lc, 77, 76, 2.19195680804e+16, 219245904.0, 2.19195671219e+16, 1.68232801411, 15.915653782, 3.05888756547e-08, 7.26048668488e+14
M6.5-v1700-T0.3-lc, 119, 108, 8.75721005551e+15, 91064665.0, 8.75720999106e+15, 1.4672337697, 17.4285942718, 2.99039790708e-08, 3.15816308355e+14
M6.5-v1700-T0.3-c, 22, 30, 1.9238649487e+15, 1.05233145331e+12, 1.92386432826e+15, 0.0268838787744, 30.7210651266, 2.69352998447e-08, 7.84352410029e+14
M6.5-v1700-T0.3-c, 58, 46, 2.08249541872e+16, 3429793960.0, 2.08249541866e+16, 0.537029420531, 35.5294302389, 6.50930445101e-08, 1.45366911202e+15
M6.5-v1700-T0.3-c, 68, 65, 3.41990242147e+16, 264098752.0, 3.41990241623e+16, 2.08617712957, 17.2223214448, 1.29028792095e-07, 9.9512576176e+14
M6.5-v1700-T0.3-c, 81, 78, 3.73534559601e+16, 386181744.0, 3.73534534984e+16, 4.13704291332, 11.6801418167, 1.44139189473e-07, 7.53169060889e+14
M11.4-v3000-T0.3-c, 21, 44, 1.42420189418e+15, 1.69537740464e+12, 1.42420044821e+15, 0.0115639056655, 38.7585158306, 2.08361251291e-08, 8.10896667453e+14
M11.4-v3000-T0.3-c, 81, 88, 3.95511244635e+15, 1895183229.5, 3.95511201766e+15, 0.119403896756, 33.4944268896, 1.75488598653e-09, 7.29113041769e+14
M11.4-v3000-T0.3-c, 138, 53, 5.1757999529e+16, 1509810104.0, 5.17579994141e+16, 10.3693437443, 19.9793167295, 0.00113097801124, 7.33463889507e+14
M11.4-v3000-T0.3-c, 176, 169, 5.5856212118e+16, 818203128.0, 5.58562120037e+16, 8.32222119728, 9.61463516129, 0.00108683853805, 8.48056240287e+14
M1.0-v860-T3-c, 7, 27, 9.22111505584e+15, 85532282.0, 9.22111483835e+15, 0.255294786545, 19.1327133354, 3.90746024426e-09, 1.05390571686e+15
M1.0-v860-T3-c, 10, 20, 2.04424575438e+16, 195051448.0, 2.0442457258e+16, 0.285876618047, 22.112178424, 4.22802076683e-09, 2.16994038012e+15
M1.0-v860-T3-c, 10, 11, 6.58316257597e+16, 856013040.0, 6.58316257251e+16, 6.0985907656, 17.2298906448, 6.47053126288e-05, 1.12017138487e+15
M1.0-v860-T3-c, 17, 8, 3.07932948056e+16, 362540308.0, 3.07932947e+16, 4.36734189558, 16.4747931271, 1.31356713062e-07, 6.05269331095e+14
M1.0-v1500-T10-c, 14, 36, 9.99738062275e+16, 1893672288.0, 9.9973805702e+16, 6.2320974102, 15.5721429242, 2.12225142189e-05, 1.68659804284e+15
M1.0-v1500-T10-c, 13, 24, 7.11270005218e+16, 674137832.0, 7.11270003539e+16, 2.17872298464, 18.0442041663, 4.275175014e-08, 2.01768298183e+15
M1.0-v1500-T10-c, 11, 17, 1.80190397359e+16, 430404572.0, 1.80190396998e+16, 1.28446853469, 22.8648623586, 5.68441083093e-08, 7.0703238589e+14
M1.0-v1500-T10-c, 15, 11, 4.06182177981e+16, 342890416.0, 4.06182176749e+16, 5.09871789869, 8.53645887119, 7.7425348648e-06, 7.446568346e+14
M1.0-v480-T1-c, 3, 9, 2.43312247504e+16, 243694240.0, 2.43312239836e+16, 0.92315386109, 15.8186306795, 1.1049671178e-08, 1.18354089479e+15
M1.0-v480-T1-c, 7, 6, 3.3185087483e+16, 396755680.0, 3.31850873286e+16, 1.08529051696, 23.5310395133, 2.3536030902e-08, 1.45176926722e+15
M1.0-v480-T1-c, 7, 10, 3.3262729702e+16, 230455108.0, 3.32627239294e+16, 2.03519991979, 12.8655849118, 2.90814674564e-08, 9.82123975841e+14
M1.0-v480-T1-c, 10, 10, 6.47740112518e+15, 52028371.0, 6.47740110818e+15, 0.482996011335, 23.1798602295, 6.70357036547e-09, 4.85423989391e+14
M6.5-v1700-T0.3, 120, 86, 3.48123094636e+16, 271476328.0, 3.4812309431e+16, 1.74618757072, 20.2592340346, 2.38688961929e-08, 1.12707827087e+15
M6.5-v1700-T0.3, 151, 95, 3.95027748148e+16, 311752264.0, 3.95027747833e+16, 2.43931379801, 18.6664765501, 3.65148760118e-08, 1.05009774001e+15
M6.5-v1700-T0.3, 147, 110, 1.42619226044e+16, 113538124.0, 1.42619225739e+16, 0.863514514638, 17.2789888952, 1.24027114135e-08, 7.25043335116e+14
M6.5-v1700-T0.3, 240, 116, 3.21940146933e+15, 224826604.5, 3.21939997447e+15, 0.366340041995, 21.1632449853, 3.11701031652e-09, 2.90123314478e+14
M11.4-v3000-T0.3, 182, 128, 2.91227002221e+16, 341053580.0, 2.91227001734e+16, 1.67513117102, 19.6210066685, 3.78973368242e-08, 9.67186505479e+14
M11.4-v3000-T0.3, 231, 167, 2.91398797463e+16, 147500804.0, 2.91398794146e+16, 2.31451807476, 19.1257163378, 2.64555284346e-08, 7.98191415948e+14
M11.4-v3000-T0.3, 243, 135, 1.54923600539e+16, 100819810.0, 1.5492359829e+16, 1.0557124408, 25.0743072594, 1.24273420443e-08, 6.90074587038e+14
M11.4-v3000-T0.3, 407, 367, 4.15072186451e+15, 386160005.5, 4.15072123204e+15, 0.539071373599, 20.7753518879, 5.70059222049e-09, 2.89002134722e+14
M0.5-v430-T3, 17, 25, 5.99758342877e+14, 2.08453958626e+13, 5.99758176147e+14, 0.00338182228384, 29.2204491497, 8.67887428604e-08, 4.70510573456e+14
M0.5-v430-T3, 20, 38, 5.82275665703e+14, 5.2164537156e+13, 5.81679909045e+14, 0.00252692924169, 30.2329953286, 1.50866118643e-10, 4.79947072292e+14
M0.5-v430-T3, 31, 30, 9.89635712697e+14, 1.10741068568e+12, 9.89635696301e+14, 0.0314212904197, 45.6131881045, 6.47273591584e-06, 3.75566175686e+14
M0.5-v430-T3, 47, 31, 7.61795174788e+14, 241167406695.0, 7.61795031902e+14, 0.0312081823014, 45.1739337876, 7.73111453675e-09, 2.90024215083e+14
M1.0-v860-T3, 19, 42, 1.26258973647e+15, 6.71155872301e+12, 1.26258900549e+15, 0.0107518341285, 47.1636742048, 1.34050611014e-07, 7.36662261847e+14
M1.0-v860-T3, 33, 36, 1.58454157883e+15, 2.45701155854e+12, 1.58453732291e+15, 0.026085611896, 30.9426571422, 5.09298234141e-09, 6.54796983965e+14
M1.0-v860-T3, 60, 39, 1.30651891417e+15, 259153066338.0, 1.30651783898e+15, 0.0447281407564, 31.4666876192, 5.84052618074e-09, 4.17091204813e+14
M1.0-v860-T3, 77, 48, 8.29463720168e+14, 295270303334.0, 8.29462364009e+14, 0.0520153844656, 31.0591099685, 9.90404244727e-10, 2.44879511501e+14
M6.2-v3000-T1, 122, 80, 4.24645238009e+16, 374808232.0, 4.24645237741e+16, 2.98042017639, 20.3828445626, 6.03309611158e-08, 1.01078316294e+15
M6.2-v3000-T1, 152, 90, 3.37671071347e+16, 309522056.0, 3.37671057838e+16, 1.87543696073, 11.0040716909, 3.88801870699e-08, 1.04690519999e+15
M6.2-v3000-T1, 124, 126, 1.79835435201e+16, 142425224.0, 1.79835373587e+16, 0.876743353554, 10.2351454835, 2.85655368248e-08, 9.05088798836e+14
M6.2-v3000-T1, 278, 228, 1.67829649097e+15, 21577022178.0, 1.67829472944e+15, 0.176629721366, 19.1826452319, 2.83308962401e-09, 2.42935147744e+14
M1.0-v1500-T10, 24, 31, 1.47661793998e+15, 6.92468673459e+12, 1.47661729439e+15, 0.0212185480732, 36.4273823216, 3.82453048439e-07, 6.67316274418e+14
M1.0-v1500-T10, 40, 31, 2.24037811475e+15, 590041135095.0, 2.24037809135e+15, 0.0528554502501, 46.4639905998, 3.6591187027e-06, 6.55856839549e+14
M1.0-v1500-T10, 41, 32, 4.20895675227e+15, 2251076329.5, 4.20895137876e+15, 0.225487311198, 10.1470048207, 1.40417139027e-09, 5.2134709989e+14
M1.0-v1500-T10, 59, 42, 1.00105404794e+15, 149058438642.0, 1.00105379575e+15, 0.061974242211, 39.6065164569, 4.56201610377e-08, 2.6907984446e+14
M1.0-v480-T1, 21, 37, 8.8298995397e+14, 1.9473450231e+13, 8.82989768256e+14, 0.00530277910646, 45.0957458251, 1.80205492423e-05, 6.29816281485e+14
M1.0-v480-T1, 34, 43, 1.58135984326e+15, 6.62623265855e+12, 1.58135839671e+15, 0.0351323357555, 33.1066959059, 1.12833161939e-07, 5.69089951202e+14
M1.0-v480-T1, 54, 42, 2.67817167452e+15, 25669990242.0, 2.67817158429e+15, 0.0862493929316, 39.1431142764, 5.78547568186e-09, 5.9814934577e+14
M1.0-v480-T1, 87, 50, 9.05334135345e+14, 228913374262.0, 9.053338425e+14, 0.0395966355209, 41.0739201744, 4.24230110346e-08, 3.07286922336e+14
