Run, velocity(km/s), b(km/s), N_fit, upper_N_err, lower_N_err, q_fit, upper_q_err, lower_q_err, area, area_err
M3.6-v1000-T0.3-c, 26, 15, 2.07834632992e+18, 18509536512.0, 2.07834632867e+18, 1.80094764501, 13.1258788188, 5.27870289702e-08, 6.60350824934e+16
M3.6-v1000-T0.3-c, 36, 39, 9.74075267688e+17, 43009953408.0, 9.74075267676e+17, 0.805011848335, 25.5456063351, 1.77200898399e-08, 5.18786106115e+16
M3.6-v1000-T0.3-c, 60, 45, 7.79821907681e+17, 6599449600.0, 7.79821907663e+17, 1.342264624, 20.2285332468, 2.17267734914e-08, 2.97515740424e+16
M3.6-v1000-T0.3-c, 110, 97, 2.04241453846e+17, 2132288032.0, 2.04241453833e+17, 0.52875834139, 20.2396056874, 8.82255535295e-09, 1.44059129196e+16
M3.6-v3000-T3-c, 19, 36, 7.38384011918e+16, 2.22882096422e+13, 7.38384011915e+16, 0.0225145431689, 53.1012866463, 0.00305920324618, 3.25408672259e+16
M3.6-v3000-T3-c, 2, 27, 1.25047446688e+18, 17878905856.0, 1.25047446688e+18, 4.44062771585, 18.5596029747, 6.17941361103e-06, 2.43902801186e+16
M3.6-v3000-T3-c, 42, 47, 8.27325394123e+17, 15899420544.0, 8.27325394115e+17, 1.34916730976, 22.9413921451, 4.64170839543e-08, 3.14611274991e+16
M3.6-v3000-T3-c, 41, 51, 5.68529147931e+18, 146660822016.0, 5.68529147913e+18, 14.1537529816, 14.5892394373, 0.0912877784559, 7.42201487398e+16
M3.5-v1700-T1-c, 13, 24, 1.03488337759e+17, 1.5704490063e+12, 1.03488337753e+17, 0.0360668947056, 43.0565871008, 6.47499444355e-06, 3.6772706273e+16
M3.5-v1700-T1-c, 21, 26, 6.59920943531e+17, 5573195008.0, 6.59920943504e+17, 0.65198030043, 32.8981159626, 1.30100259454e-08, 4.04543410316e+16
M3.5-v1700-T1-c, 28, 30, 3.46174373227e+18, 51164594176.0, 3.46174373225e+18, 6.59896052748, 23.5239640382, 4.36276789806e-07, 5.711921843e+16
M3.5-v1700-T1-c, 37, 33, 2.32829096541e+18, 43122850816.0, 2.3282909654e+18, 7.30927795833, 21.5042239443, 0.000166269496788, 3.69844938372e+16
M3.8-v1000-T0.3, 105, 90, 3.2073863597e+17, 248196468992.0, 3.2073863572e+17, 0.380533357105, 26.0202894599, 5.75703085204e-09, 2.81830039393e+16
M3.8-v1000-T0.3, 138, 113, 2.85444200011e+17, 29322098720.0, 2.8544420001e+17, 0.355939914666, 39.5741270247, 4.54640547043e-07, 2.62198498375e+16
M3.8-v1000-T0.3, 151, 103, 2.04665386713e+17, 1955042368.0, 2.04665386574e+17, 0.246556518024, 31.8037474748, 4.04921343677e-09, 2.39273758117e+16
M3.8-v1000-T0.3, 202, 170, 5.0050532599e+16, 1.72680371654e+15, 5.00505325855e+16, 0.0770779636372, 47.200726378, 0.00332621583969, 1.19192970715e+16
M3.6-v3000-T3, 75, 99, 4.61341760462e+17, 181909922560.0, 4.61341760175e+17, 0.564171029672, 31.1078377684, 2.00317986643e-08, 3.11572996417e+16
M3.6-v3000-T3, 105, 92, 3.7788287697e+17, 3103885120.0, 3.7788287685e+17, 0.528903350449, 27.6656486454, 6.93652613126e-09, 2.66485962764e+16
M3.6-v3000-T3, 103, 95, 3.8308849793e+17, 4295650944.0, 3.83088497778e+17, 0.717874371072, 28.6326078196, 8.9628140465e-09, 2.2020727259e+16
M3.6-v3000-T3, 119, 106, 1.42037529918e+17, 1104796320.0, 1.42037529646e+17, 0.33972659686, 27.7390124045, 4.52913545557e-09, 1.34563808577e+16
M3.5-v1700-T1, 86, 107, 8.22344265881e+17, 24226301184.0, 8.22344265873e+17, 1.59109550664, 32.8748168577, 3.37832370967e-08, 2.81930786758e+16
M3.5-v1700-T1, 119, 111, 4.44771815586e+17, 30087640000.0, 4.44771815498e+17, 0.792117100781, 36.5681928604, 4.31395327238e-08, 2.39438850909e+16
M3.5-v1700-T1, 130, 100, 3.62497713068e+17, 3488581888.0, 3.62497702592e+17, 0.734038456524, 16.5176596245, 1.13585634232e-08, 2.05298795765e+16
M3.5-v1700-T1, 133, 152, 1.17885496723e+17, 2832944496.0, 1.17885496698e+17, 0.264545723308, 35.0037432411, 6.05206185167e-09, 1.31645096764e+16
M3.8-v1000-T0.3-hc, 170, 147, 8.28347623578e+17, 7.27106777931e+15, 8.28347623486e+17, 0.0311320367536, 49.6800845478, 0.0010705107284, 3.15722277109e+17
M3.8-v1000-T0.3-hc, 181, 149, 5.66004820208e+17, 1.28006079981e+15, 5.66004820207e+17, 0.0621439686205, 56.7997868642, 0.0421448377192, 1.51913724321e+17
M3.8-v1000-T0.3-hc, 257, 200, 5.73629416762e+17, 4.68243127303e+15, 5.73629416761e+17, 0.0798610536501, 54.7112902303, 0.0366886782395, 1.33885812885e+17
M3.8-v1000-T0.3-hc, 368, 264, 5.27648306823e+17, 1.93459751851e+13, 5.27648306746e+17, 0.101106529273, 46.5662564539, 1.89761759326e-05, 1.0741862783e+17
M3.5-v1700-T1-hc, 56, 53, 1.74556104988e+19, 2.40365965711e+15, 1.74556104988e+19, 2.7723688112, 27.8539281352, 2.67953820754e-05, 4.32087625965e+17
M3.5-v1700-T1-hc, 82, 58, 4.93579377292e+18, 7.88402899354e+12, 4.93579377292e+18, 0.525129207041, 34.9628114986, 8.9536340564e-09, 3.49749707985e+17
M3.5-v1700-T1-hc, 74, 74, 3.41891859108e+18, 40729598464.0, 3.41891858856e+18, 2.18421629851, 20.9404421781, 5.87288320197e-08, 9.68433426378e+16
M3.5-v1700-T1-hc, 75, 73, 3.30691629668e+18, 5.43305464678e+12, 3.30691629668e+18, 2.14549559548, 23.07706147, 1.80479218592e-06, 9.46542160509e+16
M3.6-v3000-T3-hc, 39, 25, 6.67184822163e+18, 7.2240436864e+14, 6.67184822162e+18, 0.45635449357, 40.8236320398, 1.37227941788e-08, 5.19337358973e+17
M3.6-v3000-T3-hc, 40, 32, 1.50596191995e+19, 6.78821855232e+12, 1.50596191995e+19, 1.67625320326, 34.4645067974, 8.34111286707e-08, 4.99935193449e+17
M3.6-v3000-T3-hc, 57, 53, 1.5953787523e+19, 275808200704.0, 1.5953787523e+19, 2.69743809804, 19.7946591589, 7.1933154322e-07, 4.00900099062e+17
M3.6-v3000-T3-hc, 62, 61, 8.086210325e+18, 176042043392.0, 8.08621032499e+18, 2.46592896016, 21.2718030121, 9.26185008687e-08, 2.13638373024e+17
M6.5-v1700-T0.3-lc, 50, 53, 1.84428059047e+18, 15775873280.0, 1.84428058972e+18, 1.57411257344, 20.7026383953, 2.1873419076e-08, 6.36517229439e+16
M6.5-v1700-T0.3-lc, 68, 59, 1.42314953794e+18, 510838169600.0, 1.42314953794e+18, 1.8546178397, 28.0135396845, 4.96085281743e-08, 4.44208808272e+16
M6.5-v1700-T0.3-lc, 77, 77, 9.29885025121e+17, 13125155456.0, 9.29885025084e+17, 1.64034632015, 17.218927053, 1.31932953229e-07, 3.12841122929e+16
M6.5-v1700-T0.3-lc, 119, 108, 3.87340257046e+17, 5192173376.0, 3.87340256949e+17, 1.47149703242, 18.9720711155, 1.26376428877e-07, 1.39434365455e+16
M6.5-v1700-T0.3-c, 23, 30, 8.61788942566e+16, 1.28155939532e+14, 8.61788939088e+16, 0.0261155976983, 46.0765303719, 1.27056057812e-05, 3.55943655276e+16
M6.5-v1700-T0.3-c, 48, 41, 7.01982760493e+17, 79374412544.0, 7.01982760491e+17, 0.708551222208, 31.1276027024, 6.07356877014e-08, 4.07050692639e+16
M6.5-v1700-T0.3-c, 64, 63, 1.22303276572e+18, 7490202880.0, 1.22303276571e+18, 2.03084538317, 28.4087373422, 2.50539358149e-08, 3.61574187613e+16
M6.5-v1700-T0.3-c, 79, 78, 1.38666156662e+18, 70062452480.0, 1.38666156661e+18, 3.94064751663, 20.55255171, 2.91174156613e-05, 2.86205952784e+16
M11.4-v3000-T0.3-c, 17, 39, 5.68801023403e+16, 1.1365703145e+14, 5.68801023217e+16, 0.0106847864355, 42.4610602019, 7.69179855524e-06, 3.325553514e+16
M11.4-v3000-T0.3-c, 82, 86, 1.78597801209e+17, 9696597568.0, 1.78597801204e+17, 0.119926509885, 38.5268266937, 1.35393571826e-07, 3.28373106564e+16
M11.4-v3000-T0.3-c, 127, 59, 2.14794214473e+18, 667114589440.0, 2.14794214473e+18, 11.6051927424, 22.1363706745, 0.662522241862, 2.94881096106e+16
M11.4-v3000-T0.3-c, 176, 169, 2.26363867895e+18, 40366722816.0, 2.26363867895e+18, 7.83103378622, 19.5377987063, 0.000453601389264, 3.50895539949e+16
M1.0-v860-T3-c, 7, 27, 4.02032416519e+17, 96710048896.0, 4.02032416516e+17, 0.254705720112, 36.814133176, 1.3074379443e-06, 4.60184847127e+16
M1.0-v860-T3-c, 9, 21, 3.33998589413e+17, 2206821696.0, 3.33998589402e+17, 0.230743543235, 24.2892707029, 3.13263659457e-09, 4.0760397573e+16
M1.0-v860-T3-c, 10, 13, 2.62537392047e+18, 42216494080.0, 2.62537392037e+18, 5.65394129435, 22.9885985481, 9.07895165172e-05, 4.6066778394e+16
M1.0-v860-T3-c, 17, 9, 1.18582500194e+18, 15255524352.0, 1.18582500192e+18, 4.17693747536, 20.6080671988, 2.71815434161e-07, 2.38014477114e+16
M1.0-v1500-T10-c, 10, 34, 2.0903300984e+18, 40933294336.0, 2.09033009839e+18, 2.14645133774, 27.5160308356, 7.14394077228e-08, 5.98161515073e+16
M1.0-v1500-T10-c, 11, 24, 2.54184398077e+18, 39110538240.0, 2.54184398067e+18, 2.33483721353, 25.6547845863, 7.55243827477e-08, 6.92770712148e+16
M1.0-v1500-T10-c, 11, 17, 7.73332495258e+17, 43698050048.0, 7.73332495117e+17, 1.20753960748, 22.3103149794, 4.54294497576e-08, 3.15713081368e+16
M1.0-v1500-T10-c, 15, 12, 1.67604928699e+18, 19784994560.0, 1.67604928691e+18, 4.89053355434, 22.7867710226, 1.36751828617e-06, 3.12942859072e+16
M1.0-v480-T1-c, 3, 10, 1.08605658867e+18, 9929749632.0, 1.08605658863e+18, 0.998801980169, 25.8591221145, 1.52245622775e-08, 5.01622336315e+16
M1.0-v480-T1-c, 7, 7, 1.04492975968e+18, 662967358592.0, 1.04492975967e+18, 1.04521107987, 30.2837294382, 3.32286169691e-08, 4.68490530194e+16
M1.0-v480-T1-c, 7, 11, 1.02003154071e+18, 12742782208.0, 1.0200315407e+18, 1.81965453126, 25.2029123559, 5.45342491165e-08, 3.22068839024e+16
M1.0-v480-T1-c, 10, 11, 2.0891781178e+17, 2638299104.0, 2.0891781176e+17, 0.477941840955, 34.4801772203, 7.11157773226e-08, 1.57671443855e+16
M6.5-v1700-T0.3, 122, 125, 1.02419654754e+18, 10807588352.0, 1.02419654754e+18, 1.49565444574, 33.4750784333, 2.8519048012e-08, 3.64942264335e+16
M6.5-v1700-T0.3, 156, 142, 1.09197019394e+18, 9545929600.0, 1.09197019378e+18, 1.80600050735, 25.472686325, 2.49099296745e-08, 3.46361116887e+16
M6.5-v1700-T0.3, 149, 185, 4.72973327823e+17, 3308492032.0, 4.72973327606e+17, 0.730753315617, 16.5499710591, 8.66338034644e-09, 2.68668652138e+16
M6.5-v1700-T0.3, 236, 135, 1.36343845655e+17, 30033406672.0, 1.36343845593e+17, 0.375282436973, 27.1788870944, 4.82286677261e-09, 1.2091605054e+16
M11.4-v3000-T0.3, 181, 128, 8.35466095763e+17, 14408549632.0, 8.3546609576e+17, 0.991530067515, 35.8394397536, 5.39194833227e-08, 3.87734837343e+16
M11.4-v3000-T0.3, 231, 162, 1.06248053849e+18, 7702717696.0, 1.06248053845e+18, 2.05185793217, 27.1696211756, 2.66480926214e-08, 3.12201624227e+16
M11.4-v3000-T0.3, 243, 150, 6.34195979596e+17, 5195303296.0, 6.34195979568e+17, 1.03001427494, 25.9212079906, 1.52156509614e-08, 2.87075007511e+16
M11.4-v3000-T0.3, 403, 315, 1.79889624178e+17, 1180244512.0, 1.79889624176e+17, 0.535634796817, 28.8736615959, 7.25638671373e-09, 1.25789417592e+16
M0.5-v430-T3, 16, 36, 2.45600621799e+16, 2.91849826457e+15, 2.45600621748e+16, 0.0111481569397, 47.5146821383, 0.00792606361472, 1.41578805176e+16
M0.5-v430-T3, 19, 56, 2.30538341713e+16, 4.75243173615e+14, 2.30538341302e+16, 0.00235328049725, 44.8065884557, 5.94422596891e-05, 1.9207562633e+16
M0.5-v430-T3, 31, 39, 3.99172572363e+16, 3.84426956835e+13, 3.9917257199e+16, 0.0296490310809, 35.3500962395, 2.43573155003e-07, 1.5563548547e+16
M0.5-v430-T3, 46, 38, 3.25938849277e+16, 2.82065929903e+14, 3.25938574879e+16, 0.0317036104104, 33.5832614, 2.71844128041e-08, 1.23175190732e+16
M1.0-v860-T3, 19, 77, 5.06697637057e+16, 1.17362857638e+14, 5.06697635553e+16, 0.0106144304378, 44.846373078, 1.60171222633e-05, 2.96891491882e+16
M1.0-v860-T3, 33, 54, 6.25472538458e+16, 1.34720174175e+14, 6.25472537269e+16, 0.0246739981332, 46.5183056359, 5.08396211534e-05, 2.64917000295e+16
M1.0-v860-T3, 59, 51, 5.34809211996e+16, 1.36829439593e+13, 5.34809210883e+16, 0.0430289172404, 48.1850257188, 8.87107981283e-05, 1.7412188793e+16
M1.0-v860-T3, 75, 54, 3.58532708302e+16, 2.75419426375e+13, 3.58532691874e+16, 0.0548140637513, 36.5372323623, 1.47266464141e-07, 1.02954156278e+16
M6.2-v3000-T1, 122, 96, 1.50621451463e+18, 12963424512.0, 1.50621451442e+18, 2.51555150609, 26.5254672757, 4.16551961813e-08, 3.93498355006e+16
M6.2-v3000-T1, 157, 108, 1.0192672377e+18, 11130052608.0, 1.01926723768e+18, 1.56567310593, 25.0022240277, 3.18497626051e-08, 3.52958025582e+16
M6.2-v3000-T1, 128, 174, 5.07297849028e+17, 5363406656.0, 5.07297848863e+17, 0.721909736736, 23.7512492731, 1.33251691903e-08, 2.90516656415e+16
M6.2-v3000-T1, 274, 205, 7.61822584704e+16, 3.45252332894e+12, 7.61822582465e+16, 0.192616787156, 36.950617502, 4.70798897895e-07, 1.04384737266e+16
M1.0-v1500-T10, 24, 47, 5.23088331962e+16, 7.44074329487e+13, 5.23088331812e+16, 0.0165827766351, 49.0666547594, 0.000617628232501, 2.61168648365e+16
M1.0-v1500-T10, 40, 45, 8.70791201745e+16, 7.21889347847e+13, 8.70791201695e+16, 0.0523827621767, 48.63095403, 0.00405687747746, 2.56129449566e+16
M1.0-v1500-T10, 41, 43, 1.65211424779e+17, 1670047712.0, 1.65211424585e+17, 0.208809030258, 28.8936383266, 1.89173127163e-09, 2.15002510818e+16
M1.0-v1500-T10, 57, 51, 4.18382646278e+16, 5.91066065425e+12, 4.18382637943e+16, 0.0597746989159, 33.0671283103, 1.52212697321e-07, 1.14686429584e+16
M1.0-v480-T1, 21, 54, 3.70957231238e+16, 3.02201657183e+14, 3.70957178961e+16, 0.00650376465627, 35.6774417032, 1.07002987539e-06, 2.51347739277e+16
M1.0-v480-T1, 33, 63, 6.01365293122e+16, 7.06502048559e+13, 6.01365292733e+16, 0.0325794585683, 36.1269805842, 5.81353157775e-06, 2.24358662667e+16
M1.0-v480-T1, 54, 55, 1.02479851702e+17, 501023607344.0, 1.02479851695e+17, 0.0770031848814, 42.9590233615, 6.5865104779e-06, 2.44184922566e+16
M1.0-v480-T1, 85, 60, 3.84011189179e+16, 5.23466508087e+13, 3.84011189053e+16, 0.0425039337871, 46.4229052158, 0.000710880024908, 1.25802622942e+16
