Run, velocity(km/s), b(km/s), N_fit, upper_N_err, lower_N_err, q_fit, upper_q_err, lower_q_err, area, area_err
M3.6-v1000-T0.3-c, 22, 971, 2.81340585308e+17, 3179544480.0, 2.81340585297e+17, 1.92518604123, 24.6417023589, 4.18011103509e-08, 8.58649285285e+15
M3.6-v1000-T0.3-c, 36, 912, 1.14053511179e+17, 1424651856.0, 1.14053510832e+17, 0.725886674889, 20.6880906898, 1.55974178018e-08, 6.50765923956e+15
M3.6-v1000-T0.3-c, 61, 869, 1.0917776807e+17, 940530704.0, 1.09177767102e+17, 1.09987951044, 19.5317137037, 1.62822950678e-08, 4.73494607023e+15
M3.6-v1000-T0.3-c, 110, 777, 3.72416532467e+16, 339681528.0, 3.72416526408e+16, 0.517112841427, 28.2970581132, 8.34718039133e-09, 2.66626890943e+15
M3.6-v3000-T3-c, 21, 62, 1.53542042325e+16, 1.26035264635e+13, 1.53542040451e+16, 0.0195049687404, 47.3964956322, 6.82060762675e-07, 7.18555652878e+15
M3.6-v3000-T3-c, 14, 36, 7.31714313657e+17, 87020447744.0, 7.31714313648e+17, 6.00759929877, 20.0839313284, 0.00164018882687, 1.252568078e+16
M3.6-v3000-T3-c, 43, 80, 1.61088403386e+17, 2122999744.0, 1.61088403386e+17, 1.15558518773, 26.6058033857, 2.65071631311e-08, 6.76587109548e+15
M3.6-v3000-T3-c, 39, 73, 1.18513756984e+18, 28593212160.0, 1.18513756984e+18, 14.060993346, 14.2769090664, 0.113676749112, 1.54957921016e+16
M3.5-v1700-T1-c, 13, 118, 2.19674001462e+16, 483862913888.0, 2.19674001419e+16, 0.0377918074944, 49.7872947276, 1.22998820372e-05, 7.62976299008e+15
M3.5-v1700-T1-c, 21, 116, 1.18223131224e+17, 1154006896.0, 1.18223130199e+17, 0.61352458671, 23.7103729507, 7.90358234415e-09, 7.54824236309e+15
M3.5-v1700-T1-c, 27, 143, 5.67305967507e+17, 5985426112.0, 5.67305967421e+17, 6.03239285622, 13.4551508867, 2.15626094846e-06, 9.69527435772e+15
M3.5-v1700-T1-c, 36, 107, 3.82951706046e+17, 5077212416.0, 3.82951704569e+17, 6.89421418796, 11.5666270639, 0.00255145639059, 6.21515204747e+15
M3.8-v1000-T0.3, 108, 787, 4.29170917683e+16, 5257951800.0, 4.29170912636e+16, 0.220069716305, 36.2178111684, 1.33140416192e-08, 5.39990786445e+15
M3.8-v1000-T0.3, 143, 679, 4.05159250083e+16, 6549419824.0, 4.05159250045e+16, 0.245021348786, 26.992302252, 2.33391497795e-09, 4.7559481868e+15
M3.8-v1000-T0.3, 158, 637, 3.31519506233e+16, 306667940.0, 3.31519506087e+16, 0.205957519038, 32.3082815653, 2.91757635273e-08, 4.35247443729e+15
M3.8-v1000-T0.3, 204, 613, 9.62571325083e+15, 3.21249161813e+13, 9.62571300694e+15, 0.0652928847018, 47.1417684253, 8.88249609499e-06, 2.51457410233e+15
M3.6-v3000-T3, 78, 226, 5.69820249914e+16, 1.69383154286e+12, 5.69820249116e+16, 0.318986773466, 29.995532152, 4.51458420092e-08, 5.62785796105e+15
M3.6-v3000-T3, 113, 175, 4.22508088433e+16, 12111838552.0, 4.22508088089e+16, 0.307637306299, 29.5998980608, 3.1894838326e-08, 4.27377853034e+15
M3.6-v3000-T3, 110, 173, 5.58524419745e+16, 2385954400.0, 5.58524417355e+16, 0.563619004232, 19.1061642446, 4.20361412345e-09, 3.77453989867e+15
M3.6-v3000-T3, 122, 261, 2.4960439677e+16, 241093124.0, 2.49604382585e+16, 0.30429732392, 18.8196191506, 3.78970127501e-09, 2.5430236356e+15
M3.5-v1700-T1, 89, 350, 1.04543248931e+17, 2328595024.0, 1.04543248923e+17, 0.959466456777, 24.9917993942, 1.76006929031e-08, 4.95769937074e+15
M3.5-v1700-T1, 125, 237, 5.11446068143e+16, 1269579024.0, 5.11446067527e+16, 0.402342816407, 27.5181348187, 5.12382308804e-09, 4.33034508403e+15
M3.5-v1700-T1, 136, 253, 5.47614857002e+16, 1553479144.0, 5.47614856896e+16, 0.568262248216, 27.535151447, 8.2386611977e-09, 3.68052782247e+15
M3.5-v1700-T1, 136, 409, 2.13361611589e+16, 7727147932.0, 2.13361608811e+16, 0.229653460707, 20.4343364794, 2.77680411997e-09, 2.6117903405e+15
M3.8-v1000-T0.3-hc, 173, 654, 1.5242166422e+17, 1.80700242319e+14, 1.52421664181e+17, 0.0285104074655, 47.4481007316, 0.000220317067523, 6.05077661806e+16
M3.8-v1000-T0.3-hc, 182, 627, 1.04400728219e+17, 1.21420681282e+14, 1.04400728198e+17, 0.0185089920523, 46.0547586019, 0.000186722715332, 4.99088860038e+16
M3.8-v1000-T0.3-hc, 259, 496, 1.10308983034e+17, 4.66148121721e+14, 1.10308982197e+17, 0.0403319878386, 42.3779431885, 6.1909139376e-05, 3.70999340083e+16
M3.8-v1000-T0.3-hc, 371, 283, 1.01228022389e+17, 1.71730113179e+12, 1.01228022065e+17, 0.0904630765012, 43.345952342, 4.18896054043e-06, 2.19936336093e+16
M3.5-v1700-T1-hc, 56, 61, 3.29938162483e+18, 51500157440.0, 3.29938162475e+18, 2.61847041232, 19.5396347378, 2.24227933554e-07, 8.42850556517e+16
M3.5-v1700-T1-hc, 83, 267, 8.0178315244e+17, 10574986496.0, 8.0178315244e+17, 0.422594966245, 45.2620911572, 2.44070652226e-05, 6.56986615453e+16
M3.5-v1700-T1-hc, 74, 75, 7.30734522469e+17, 8551253504.0, 7.30734522113e+17, 2.10370680657, 25.2970532746, 4.53674369183e-08, 2.11585529356e+16
M3.5-v1700-T1-hc, 75, 74, 6.99442505725e+17, 9578833792.0, 6.99442505639e+17, 2.04101788751, 19.6080325143, 7.66817067621e-08, 2.06170556508e+16
M3.6-v3000-T3-hc, 43, 31, 1.04916777808e+18, 6.68659987592e+13, 1.04916777808e+18, 0.453248315881, 38.9279791413, 1.19174893287e-08, 8.20410640673e+16
M3.6-v3000-T3-hc, 41, 44, 3.05948873163e+18, 49102413824.0, 3.05948873162e+18, 1.69599099221, 21.3798670229, 7.3335091777e-08, 1.00838157108e+17
M3.6-v3000-T3-hc, 57, 59, 3.08837629651e+18, 46427016192.0, 3.08837629649e+18, 2.59552916178, 24.5081240754, 7.60231788632e-08, 7.92822769368e+16
M3.6-v3000-T3-hc, 62, 67, 1.64833412861e+18, 24573226752.0, 1.64833412847e+18, 2.39638674047, 17.9898648887, 1.38411357486e-07, 4.42617613769e+16
M6.5-v1700-T0.3-lc, 43, 1594, 2.29379677517e+17, 1925412480.0, 2.29379677426e+17, 1.85555461074, 17.2786111826, 3.18584818526e-08, 7.15746439968e+15
M6.5-v1700-T0.3-lc, 67, 1540, 2.01789931495e+17, 2514499840.0, 2.01789931453e+17, 1.43248277207, 25.4931976805, 2.93985504829e-08, 7.38789512091e+15
M6.5-v1700-T0.3-lc, 77, 1522, 1.73610549353e+17, 1897116288.0, 1.73610549082e+17, 1.56697325913, 12.9840558767, 3.03394189771e-08, 6.00878760941e+15
M6.5-v1700-T0.3-lc, 120, 1450, 7.6976749448e+16, 759498400.0, 7.69767490678e+16, 1.44369195657, 13.3074712798, 7.09471030813e-08, 2.80444912079e+15
M6.5-v1700-T0.3-c, 24, 1657, 1.75334623859e+16, 1.68954588346e+13, 1.75334613779e+16, 0.0249253693377, 36.9045984048, 8.65344228843e-08, 7.39320181952e+15
M6.5-v1700-T0.3-c, 38, 1598, 1.1130614699e+17, 2596973632.0, 1.11306142808e+17, 0.840962205584, 9.92717314787, 1.34777383698e-08, 5.75864505636e+15
M6.5-v1700-T0.3-c, 60, 1528, 1.98662766508e+17, 1563116000.0, 1.98662766327e+17, 1.96625334774, 24.4902399508, 2.83445127369e-08, 5.98714908431e+15
M6.5-v1700-T0.3-c, 78, 1510, 2.25425256333e+17, 2827918976.0, 2.25425256287e+17, 3.72107315312, 16.1812436698, 2.99048609875e-07, 4.78543135352e+15
M11.4-v3000-T0.3-c, 18, 2948, 1.07043320385e+16, 7.77497967591e+12, 1.07043313423e+16, 0.00969207918572, 41.7183510442, 1.12369828159e-07, 6.45891514633e+15
M11.4-v3000-T0.3-c, 83, 2905, 3.80798422778e+16, 263452936.0, 3.80798419592e+16, 0.11708538902, 28.4114957873, 1.50981134539e-09, 7.10333063285e+15
M11.4-v3000-T0.3-c, 123, 2869, 4.0930510694e+17, 16636354176.0, 4.09305106925e+17, 10.2438425957, 22.0473024106, 0.0229052029287, 5.82103733688e+15
M11.4-v3000-T0.3-c, 176, 2648, 4.06905436569e+17, 5687481024.0, 4.0690543605e+17, 7.22863849616, 19.2790261177, 1.57861296453e-05, 6.48966563475e+15
M1.0-v860-T3-c, 7, 107, 7.75024516141e+16, 875786400.0, 7.75024502477e+16, 0.252943346557, 15.3570549809, 3.10559478134e-09, 8.91145284821e+15
M1.0-v860-T3-c, 8, 117, 2.3691450458e+16, 8587144624.0, 2.36914503169e+16, 0.132812411997, 29.4405285595, 2.94324342676e-09, 4.09407155328e+15
M1.0-v860-T3-c, 11, 126, 4.59237275007e+17, 5311645824.0, 4.59237273158e+17, 5.12411850463, 13.3106580743, 7.50888410916e-06, 8.40109126999e+15
M1.0-v860-T3-c, 16, 159, 1.98265420767e+17, 2222321856.0, 1.98265420684e+17, 3.98205010595, 20.140173637, 1.09501764989e-07, 4.07153531594e+15
M1.0-v1500-T10-c, 9, 69, 3.27929033969e+17, 2551903808.0, 3.27929005157e+17, 1.45317987263, 13.2154686052, 1.98056631096e-08, 1.18980820769e+16
M1.0-v1500-T10-c, 7, 121, 4.09956409237e+17, 5460061952.0, 4.09956409203e+17, 2.55196151141, 15.7652659111, 1.01083131199e-06, 1.06240853579e+16
M1.0-v1500-T10-c, 11, 100, 1.50032222036e+17, 2763088064.0, 1.50032222015e+17, 1.10815953747, 29.2781494433, 3.4789671588e-08, 6.47511961347e+15
M1.0-v1500-T10-c, 15, 73, 3.00985710854e+17, 3502114944.0, 3.00985710812e+17, 4.62180961469, 13.2905119765, 3.21838434685e-05, 5.76411361917e+15
M1.0-v480-T1-c, 3, 224, 2.16720661136e+17, 2483868608.0, 2.16720661133e+17, 1.11655622847, 22.9900109889, 2.42948234863e-08, 9.30751577447e+15
M1.0-v480-T1-c, 6, 497, 1.37590894136e+17, 1916619296.0, 1.37590894083e+17, 0.987094675392, 20.8617232714, 2.75692275675e-08, 6.40432555976e+15
M1.0-v480-T1-c, 7, 503, 1.27030735553e+17, 1270455840.0, 1.27030735505e+17, 1.56659796018, 19.1399559527, 2.98842544044e-08, 4.39728146742e+15
M1.0-v480-T1-c, 10, 191, 2.71685143193e+16, 294772684.0, 2.71685143159e+16, 0.470085923211, 29.6101372034, 8.93829432691e-09, 2.07328520327e+15
M6.5-v1700-T0.3, 128, 1427, 1.29495442546e+17, 1487803568.0, 1.29495442523e+17, 1.02387901433, 32.0819257082, 2.06536849845e-08, 5.88469545484e+15
M6.5-v1700-T0.3, 166, 1350, 1.30016484592e+17, 774218368.0, 1.30016484417e+17, 1.17700412948, 13.1559731735, 1.06187938442e-08, 5.39635496592e+15
M6.5-v1700-T0.3, 154, 1374, 7.05433131025e+16, 656578784.0, 7.05433130576e+16, 0.587592491846, 20.6328539557, 8.61573123956e-09, 4.63617189649e+15
M6.5-v1700-T0.3, 239, 1292, 2.63094324608e+16, 5809226340.0, 2.63094323961e+16, 0.344900272656, 29.0358003814, 6.61025312265e-09, 2.46768831827e+15
M11.4-v3000-T0.3, 185, 2603, 1.02188753317e+17, 15374431232.0, 1.02188753151e+17, 0.498534829856, 22.6557252646, 1.21275464671e-08, 7.49753245237e+15
M11.4-v3000-T0.3, 237, 2478, 1.60915591621e+17, 1391744384.0, 1.60915590048e+17, 1.58582353549, 20.9813728663, 2.69363422678e-08, 5.52817246074e+15
M11.4-v3000-T0.3, 248, 2438, 1.1463627435e+17, 713610512.0, 1.14636274346e+17, 0.961931577123, 16.4970629296, 1.16195879585e-08, 5.42716952637e+15
M11.4-v3000-T0.3, 405, 2137, 3.44736506262e+16, 7336836136.0, 3.44736501689e+16, 0.480664530518, 23.4226132082, 5.73048974939e-09, 2.59187489408e+15
M0.5-v430-T3, 17, 79, 4.35519966817e+15, 4.53691086733e+14, 4.35519817594e+15, 0.0030442216795, 38.7967809271, 3.27260732652e-05, 3.48180946725e+15
M0.5-v430-T3, 21, 116, 3.86918325466e+15, 2.3165597843e+14, 3.86918323596e+15, 0.00202625409929, 43.965456906, 0.000123048197491, 3.29196057503e+15
M0.5-v430-T3, 31, 89, 6.8535741679e+15, 1.28555832757e+13, 6.85357413004e+15, 0.0239443537068, 47.4215537856, 2.4420321637e-05, 2.94117783843e+15
M0.5-v430-T3, 46, 68, 6.35050707049e+15, 1.71354548954e+12, 6.35049424893e+15, 0.0293172625962, 20.5687202186, 1.17212673942e-09, 2.48891896878e+15
M1.0-v860-T3, 19, 204, 8.73347881203e+15, 5.09712680871e+13, 8.7334723475e+15, 0.0101007540253, 36.6089836436, 7.13159654565e-07, 5.2005977075e+15
M1.0-v860-T3, 33, 124, 1.05576171442e+16, 1.0255555187e+13, 1.05576171202e+16, 0.0211735977099, 38.285860756, 9.02562359469e-06, 4.77547279082e+15
M1.0-v860-T3, 60, 103, 9.5246721564e+15, 5.4348378764e+12, 9.52467189899e+15, 0.0352739961685, 38.6821896311, 4.94092389301e-07, 3.42103118512e+15
M1.0-v860-T3, 76, 104, 6.92554195205e+15, 6.94459659815e+12, 6.92554190751e+15, 0.0492328889216, 41.9522993064, 1.13344276009e-05, 2.10427673165e+15
M6.2-v3000-T1, 126, 213, 2.2692636837e+17, 2302202464.0, 2.2692636837e+17, 1.99367008854, 31.5813594455, 3.33028131738e-08, 6.78276374465e+15
M6.2-v3000-T1, 169, 223, 1.31487881376e+17, 1483191040.0, 1.31487881373e+17, 1.17498118798, 29.2700432765, 2.12163424607e-08, 5.46349389702e+15
M6.2-v3000-T1, 133, 319, 6.52711076539e+16, 608375168.0, 6.52711076163e+16, 0.569752267567, 21.130140697, 8.95006802004e-09, 4.37919240875e+15
M6.2-v3000-T1, 275, 243, 1.55560964575e+16, 186792217996.0, 1.55560962035e+16, 0.178254198571, 39.3574244417, 1.08230763907e-07, 2.23878791458e+15
M1.0-v1500-T10, 25, 105, 8.13641345128e+15, 1.11273156377e+14, 8.13641265512e+15, 0.0117412280472, 41.3162518368, 8.37173745026e-06, 4.60861308302e+15
M1.0-v1500-T10, 41, 96, 1.46253504563e+16, 4.0146805619e+12, 1.46253504349e+16, 0.0408713838236, 45.0189239244, 2.23020822919e-05, 4.88640773081e+15
M1.0-v1500-T10, 42, 84, 2.78036423938e+16, 19791505644.0, 2.7803632024e+16, 0.181010933149, 14.7739294576, 1.34683450503e-09, 3.96280308139e+15
M1.0-v1500-T10, 58, 103, 7.63902910502e+15, 1.22697715344e+12, 7.63902905807e+15, 0.0490195554495, 38.1846984378, 2.40221890234e-07, 2.32631281898e+15
M1.0-v480-T1, 22, 224, 6.8493045197e+15, 6.60027937666e+13, 6.84930449626e+15, 0.00866079308546, 46.2558922782, 0.000124608851673, 4.27924163924e+15
M1.0-v480-T1, 35, 326, 9.3857705382e+15, 3.68214138276e+13, 9.3857704017e+15, 0.0256665455355, 46.2916209193, 1.53928617298e-05, 3.90665164842e+15
M1.0-v480-T1, 56, 144, 1.70825735317e+16, 165898096534.0, 1.70825735158e+16, 0.0619532384723, 35.7008443383, 2.99184053087e-08, 4.59258367741e+15
M1.0-v480-T1, 86, 154, 7.46530905931e+15, 2.23148530525e+12, 7.46530900689e+15, 0.0375892685108, 32.8474298148, 3.25420270869e-08, 2.59970909026e+15
