Run, velocity(km/s), b(km/s), N_fit, upper_N_err, lower_N_err, q_fit, upper_q_err, lower_q_err, area, area_err
M3.6-v1000-T0.3-c, 30, 974, 7.94663056371e+18, 592108707840.0, 7.94663056349e+18, 1.63359175793, 22.372860168, 6.32205035878e-07, 2.68030550161e+17
M3.6-v1000-T0.3-c, 37, 925, 4.43085798722e+18, 544964314112.0, 4.43085798722e+18, 0.8689223136, 35.4148234606, 1.77966151815e-08, 2.24325598456e+17
M3.6-v1000-T0.3-c, 59, 884, 2.87865989965e+18, 21198775296.0, 2.87865989919e+18, 1.56105794606, 18.3113940338, 2.08343946539e-08, 9.98672610234e+16
M3.6-v1000-T0.3-c, 110, 791, 6.00479165885e+17, 4769372928.0, 6.00479165717e+17, 0.547206431533, 26.6075270691, 7.59664586791e-09, 4.13921260982e+16
M3.6-v3000-T3-c, 17, 2773, 1.92803412178e+17, 1.87464392321e+14, 1.92803411886e+17, 0.0210209194466, 47.3608283951, 9.13673626238e-05, 8.74749229898e+16
M3.6-v3000-T3-c, 10, 2081, 4.96445678744e+17, 7128061248.0, 4.96445678732e+17, 3.11893892101, 18.8730110808, 8.95176959226e-08, 1.15351231294e+16
M3.6-v3000-T3-c, 44, 2235, 2.28209698091e+18, 43835338240.0, 2.28209698091e+18, 1.35536102703, 28.7965071105, 4.73618357866e-08, 8.65302361329e+16
M3.6-v3000-T3-c, 39, 1912, 1.27612818079e+19, 467370424320.0, 1.27612818079e+19, 14.1552834974, 16.9706010681, 0.571115373858, 1.66591291625e+17
M3.5-v1700-T1-c, 13, 1601, 2.65502278389e+17, 2.71726630043e+13, 2.65502278385e+17, 0.035178913173, 41.9156291971, 9.88884543089e-05, 9.5486271181e+16
M3.5-v1700-T1-c, 25, 1597, 2.55473796241e+18, 22148230656.0, 2.55473796241e+18, 0.724780971232, 30.6637925152, 1.11446306628e-08, 1.45916427234e+17
M3.5-v1700-T1-c, 30, 1503, 1.13273123738e+19, 2.99392808141e+12, 1.13273123738e+19, 7.16654466303, 25.9206259464, 0.000188364568658, 1.81226328829e+17
M3.5-v1700-T1-c, 38, 1572, 7.49485741372e+18, 3.86926367447e+13, 7.49485741371e+18, 7.71046735383, 22.5506797571, 0.0282588255856, 1.16811525224e+17
M3.8-v1000-T0.3, 99, 811, 1.38430671725e+18, 16516758784.0, 1.38430671725e+18, 0.701184752484, 35.6679167408, 1.78454153676e-08, 8.08323172468e+16
M3.8-v1000-T0.3, 128, 715, 1.07452530255e+18, 7409912448.0, 1.0745253025e+18, 0.49697149595, 33.1171372726, 6.43667774636e-09, 7.90032766742e+16
M3.8-v1000-T0.3, 139, 681, 6.95232411733e+17, 6211809920.0, 6.95232411682e+17, 0.305819250728, 31.9560987632, 5.99328064954e-09, 7.05995544708e+16
M3.8-v1000-T0.3, 195, 642, 1.41869413462e+17, 1.15314753192e+14, 1.41869413461e+17, 0.0987753539969, 46.0102129763, 0.0025205270674, 2.92811867316e+16
M3.6-v3000-T3, 70, 2741, 2.30089141447e+18, 34449722880.0, 2.30089141447e+18, 1.10152681526, 39.6895259769, 1.34096739712e-07, 9.96906144678e+16
M3.6-v3000-T3, 93, 2606, 1.81627714354e+18, 16359309568.0, 1.81627714314e+18, 0.821466106454, 29.419705944, 9.66331836771e-09, 9.54424860753e+16
M3.6-v3000-T3, 94, 2605, 1.42984079095e+18, 17512282880.0, 1.4298407909e+18, 0.898569675065, 32.0353989208, 1.5511239293e-08, 7.08017363979e+16
M3.6-v3000-T3, 114, 2727, 4.35329698357e+17, 3894988992.0, 4.35329698356e+17, 0.394192917692, 35.5015907188, 1.89336588075e-08, 3.736468288e+16
M3.5-v1700-T1, 82, 1508, 3.37013634344e+18, 54670889472.0, 3.37013634339e+18, 2.31155300534, 33.215614862, 7.27429769753e-08, 9.23818573553e+16
M3.5-v1700-T1, 109, 1411, 2.22333778907e+18, 22978794496.0, 2.22333778905e+18, 1.48431890923, 32.2287081026, 2.75551339524e-08, 7.96008416752e+16
M3.5-v1700-T1, 121, 1385, 1.28849730812e+18, 11805445632.0, 1.28849730794e+18, 0.940111852299, 21.6413643422, 1.63861906266e-08, 6.19288139111e+16
M3.5-v1700-T1, 126, 1433, 3.57161562548e+17, 9760731648.0, 3.5716156252e+17, 0.331251098653, 23.7377777308, 4.86829043744e-09, 3.44071078486e+16
M3.8-v1000-T0.3-hc, 167, 678, 2.42467043937e+18, 8.76053922563e+14, 2.42467043935e+18, 0.0356530180072, 51.9906466456, 0.00356205702636, 8.66395489883e+17
M3.8-v1000-T0.3-hc, 179, 649, 1.65483927726e+18, 7.13942329072e+15, 1.65483927726e+18, 0.0572410585495, 57.4107931884, 0.0353444954672, 4.64326130527e+17
M3.8-v1000-T0.3-hc, 254, 522, 1.61178305037e+18, 3.00192655919e+15, 1.61178305037e+18, 0.0997618427333, 54.5559899983, 0.0529562881079, 3.30725567617e+17
M3.8-v1000-T0.3-hc, 365, 323, 1.50231052575e+18, 1.80730570317e+13, 1.50231052573e+18, 0.118065685623, 47.6843880396, 0.000578977272247, 2.788345045e+17
M3.5-v1700-T1-hc, 57, 2642, 4.39234492921e+19, 8.07433105359e+14, 4.39234492921e+19, 3.11622370131, 30.1231784653, 5.12760748661e-06, 1.0210486618e+18
M3.5-v1700-T1-hc, 81, 1523, 1.60431009397e+19, 9.88680081203e+12, 1.60431009397e+19, 0.626832311919, 38.0184342749, 2.41864368355e-06, 1.00970104328e+18
M3.5-v1700-T1-hc, 74, 2858, 8.88850255081e+18, 126041625600.0, 8.88850255077e+18, 2.32658517386, 24.9885893856, 5.3289455515e-08, 2.42745487217e+17
M3.5-v1700-T1-hc, 75, 2859, 8.71909621681e+18, 132004850688.0, 8.71909621482e+18, 2.33285250059, 25.5336215438, 1.65654374662e-07, 2.37751824493e+17
M3.6-v3000-T3-hc, 52, 2762, 1.17574446076e+19, 1.71698303795e+12, 1.17574446076e+19, 0.505382324709, 24.7739519024, 1.01128597718e-08, 8.54793861423e+17
M3.6-v3000-T3-hc, 44, 2739, 3.84859015083e+19, 1.68590709355e+16, 3.84859015083e+19, 1.98295133276, 31.2886808153, 6.92059709539e-08, 1.15402866605e+18
M3.6-v3000-T3-hc, 58, 2693, 4.10009885166e+19, 4.35814241075e+12, 4.10009885166e+19, 3.08510794805, 18.872792903, 1.78011654679e-05, 9.58180124657e+17
M3.6-v3000-T3-hc, 62, 2826, 2.18154539675e+19, 3.77001346314e+14, 2.18154539675e+19, 2.53733384243, 27.1713183227, 2.95241581969e-05, 5.67175487459e+17
M6.5-v1700-T0.3-lc, 58, 1583, 8.40294154257e+18, 894725243904.0, 8.40294154252e+18, 1.23229211046, 26.0148916786, 2.41425899272e-08, 3.38600093606e+17
M6.5-v1700-T0.3-lc, 69, 1550, 5.32603501224e+18, 193636902912.0, 5.32603501224e+18, 2.29906968252, 25.0331522512, 5.822103466e-08, 1.4645216099e+17
M6.5-v1700-T0.3-lc, 77, 1532, 2.6656737258e+18, 218959692288.0, 2.6656737258e+18, 1.72520729703, 29.4891487239, 3.68054255961e-08, 8.69434815468e+16
M6.5-v1700-T0.3-lc, 118, 1455, 1.05125143595e+18, 12665622656.0, 1.05125143591e+18, 1.52819078501, 28.3898602437, 2.93813486874e-08, 3.69573687955e+16
M6.5-v1700-T0.3-c, 22, 1641, 2.30620171445e+17, 9.60013479507e+12, 2.30620171389e+17, 0.0281367881813, 41.1216493503, 5.30935799846e-05, 9.21035597963e+16
M6.5-v1700-T0.3-c, 63, 1576, 3.2289881334e+18, 251599317504.0, 3.2289881334e+18, 0.540114439827, 36.3232353038, 6.65304872194e-07, 2.24533675523e+17
M6.5-v1700-T0.3-c, 69, 1532, 4.17157671814e+18, 993477725184.0, 4.17157671814e+18, 2.1270460628, 27.9271155345, 7.00191966629e-08, 1.20008991228e+17
M6.5-v1700-T0.3-c, 81, 1515, 4.57312780324e+18, 66285940736.0, 4.57312780322e+18, 4.19988971108, 22.2055775613, 1.6003934622e-07, 9.15523718701e+16
M11.4-v3000-T0.3-c, 10, 2954, 1.52818490062e+17, 4.4164311893e+14, 1.52818477687e+17, 0.0116991890192, 42.7073392507, 2.75280932288e-05, 8.66655043501e+16
M11.4-v3000-T0.3-c, 84, 2839, 4.49911294701e+17, 74056823616.0, 4.49911294699e+17, 0.130124658855, 43.7478270064, 2.12152061666e-05, 7.87249354706e+16
M11.4-v3000-T0.3-c, 150, 2792, 2.96614728989e+18, 2.22042527437e+12, 2.96614728977e+18, 1.53947321688, 32.0038724122, 1.93606838783e-07, 1.03799031022e+17
M11.4-v3000-T0.3-c, 176, 2613, 6.8186027128e+18, 210599710720.0, 6.81860271273e+18, 8.49162688052, 15.4386316483, 0.467220731612, 1.02832963197e+17
M1.0-v860-T3-c, 7, 764, 1.12930761588e+18, 264217989376.0, 1.12930761566e+18, 0.257304520041, 33.6777435904, 1.61882094951e-08, 1.28414325558e+17
M1.0-v860-T3-c, 15, 929, 2.88697303015e+18, 27321525760.0, 2.88697303014e+18, 0.217803165797, 38.887435016, 2.0471341397e-07, 3.65671338135e+17
M1.0-v860-T3-c, 10, 796, 8.02451946273e+18, 1.31261329828e+13, 8.02451946272e+18, 6.17206411333, 29.0730066852, 0.000151834475321, 1.35895189821e+17
M1.0-v860-T3-c, 17, 843, 3.76506093069e+18, 53973618688.0, 3.76506093065e+18, 4.38528089371, 25.5524230471, 2.05814208343e-07, 7.38647135068e+16
M1.0-v1500-T10-c, 4, 937, 3.08046196148e+18, 854191358464.0, 3.08046196148e+18, 1.03474229873, 23.5889233932, 2.37441222239e-08, 1.39023101381e+17
M1.0-v1500-T10-c, 20, 1075, 4.70812052228e+18, 104841748480.0, 4.70812052226e+18, 1.23084568574, 28.0652884706, 3.21818987015e-08, 1.89858990935e+17
M1.0-v1500-T10-c, 11, 1026, 2.25193050304e+18, 187083631616.0, 2.251930503e+18, 1.43866321051, 30.1969658977, 6.96608084549e-08, 8.22238214177e+16
M1.0-v1500-T10-c, 15, 1205, 4.98587809781e+18, 58564897792.0, 4.9858780978e+18, 5.13239697396, 17.0981426003, 5.61546569413e-05, 9.11457440368e+16
M1.0-v480-T1-c, 3, 520, 2.98830415301e+18, 30363144192.0, 2.98830415301e+18, 0.923531229343, 32.520503538, 6.67647335195e-08, 1.45320555679e+17
M1.0-v480-T1-c, 7, 552, 4.09855878369e+18, 5.41387071611e+13, 4.09855878369e+18, 1.0910426728, 32.6503775663, 8.11967846293e-08, 1.78686310732e+17
M1.0-v480-T1-c, 7, 557, 4.10895218407e+18, 45416822272.0, 4.10895218407e+18, 2.04062324941, 30.3025817415, 4.23544870287e-08, 1.21131028119e+17
M1.0-v480-T1-c, 10, 578, 8.0130371171e+17, 10407933312.0, 8.01303711689e+17, 0.482938457926, 29.8032867335, 1.15292516645e-08, 6.0055423238e+16
M6.5-v1700-T0.3, 113, 1452, 4.55147972657e+18, 42877224448.0, 4.55147972643e+18, 1.80082690311, 29.2092399621, 2.99310662921e-08, 1.44619579562e+17
M6.5-v1700-T0.3, 142, 1384, 4.91263028657e+18, 42914158592.0, 4.91263028656e+18, 2.52113061707, 27.8636092763, 4.03068742827e-08, 1.28182683924e+17
M6.5-v1700-T0.3, 142, 1397, 1.75882281052e+18, 717774723840.0, 1.75882281052e+18, 0.92351324743, 32.7598035434, 1.84578953233e-08, 8.55322540297e+16
M6.5-v1700-T0.3, 228, 1312, 3.84967366074e+17, 6503086912.0, 3.84967366014e+17, 0.452306736185, 20.8479061229, 5.88364545973e-09, 3.01449087998e+16
M11.4-v3000-T0.3, 176, 2616, 3.67147812765e+18, 57744515584.0, 3.67147812765e+18, 1.82351356748, 31.6540547789, 4.98930889936e-08, 1.15776053898e+17
M11.4-v3000-T0.3, 223, 2499, 3.58418768816e+18, 37449656320.0, 3.58418768805e+18, 2.39035707143, 26.1365922962, 5.550606339e-07, 9.63823503893e+16
M11.4-v3000-T0.3, 236, 2459, 1.89893263593e+18, 19517061376.0, 1.89893263593e+18, 1.12147354212, 33.7615038072, 2.44444617881e-08, 8.13212223154e+16
M11.4-v3000-T0.3, 397, 2149, 5.15573702537e+17, 5176399808.0, 5.1557370252e+17, 0.633878283597, 35.4301742984, 2.74609072148e-08, 3.22066908985e+16
M0.5-v430-T3, 15, 606, 7.33480693346e+16, 3.25847029453e+15, 7.33480693305e+16, 0.0480524797133, 51.5455220014, 0.0445176818931, 2.25687691402e+16
M0.5-v430-T3, 18, 598, 7.15692210194e+16, 8.01578815045e+15, 7.15692205365e+16, 0.00285573278338, 43.8070714887, 0.000145232261953, 5.78435146414e+16
M0.5-v430-T3, 29, 643, 1.23867747875e+17, 2.17991566496e+13, 1.2386774786e+17, 0.0382922796539, 41.1085321563, 9.05610756358e-06, 4.27447108821e+16
M0.5-v430-T3, 44, 660, 8.86814644215e+16, 3.0144630953e+13, 8.8681463677e+16, 0.0370318564182, 42.8722933588, 2.02348203071e-06, 3.11088769562e+16
M1.0-v860-T3, 17, 913, 1.55312984019e+17, 9.8844566236e+14, 1.5531298401e+17, 0.0135215947418, 44.6966171207, 0.0021320412773, 8.37085686728e+16
M1.0-v860-T3, 31, 877, 1.92560774871e+17, 1.1243707359e+14, 1.92560774866e+17, 0.0431636938522, 56.2721754051, 0.0149229584378, 6.25944035253e+16
M1.0-v860-T3, 56, 811, 1.6013899329e+17, 2.86888898919e+13, 1.60138993285e+17, 0.055375485111, 48.2237991035, 0.000132609485589, 4.5735827766e+16
M1.0-v860-T3, 71, 772, 9.97045450918e+16, 9.75497844571e+12, 9.97045450605e+16, 0.0678530851105, 38.0020581534, 2.23302150547e-06, 2.54996521796e+16
M6.2-v3000-T1, 116, 2684, 5.25907093937e+18, 61420777472.0, 5.25907093936e+18, 3.05710795271, 30.0663866347, 6.64698305286e-08, 1.23498171833e+17
M6.2-v3000-T1, 143, 2581, 4.18659272814e+18, 57081697280.0, 4.18659272814e+18, 1.92113041608, 35.5209993086, 3.94827455175e-08, 1.27936053309e+17
M6.2-v3000-T1, 122, 2695, 2.22933030415e+18, 24694153984.0, 2.22933030407e+18, 0.916707795573, 26.621466196, 1.6521037205e-08, 1.08943412905e+17
M6.2-v3000-T1, 270, 2384, 2.05349572941e+17, 217512612256.0, 2.05349572931e+17, 0.239397048512, 41.9085190173, 5.38945744377e-06, 2.44705723893e+16
M1.0-v1500-T10, 22, 1587, 1.82363777484e+17, 5.97333005052e+13, 1.82363777276e+17, 0.0232456953326, 45.6744509783, 3.02436516127e-05, 7.92720638092e+16
M1.0-v1500-T10, 36, 1454, 2.73805402861e+17, 1.66253993555e+12, 2.73805402856e+17, 0.0585143640968, 47.2384008602, 0.000201421068657, 7.59232097282e+16
M1.0-v1500-T10, 39, 1440, 5.17905495486e+17, 118781959232.0, 5.17905495471e+17, 0.242267448358, 35.8697850525, 1.83830754091e-07, 6.12415371776e+16
M1.0-v1500-T10, 55, 1465, 1.23884763869e+17, 3.02818400206e+13, 1.2388476375e+17, 0.0793498602412, 36.7343209648, 1.84187161023e-07, 2.90206324328e+16
M1.0-v480-T1, 19, 520, 1.08026859722e+17, 3.69523528504e+15, 1.08026859702e+17, 0.0109538515665, 51.6552730676, 0.00555279931854, 6.26403330311e+16
M1.0-v480-T1, 32, 502, 1.97618885282e+17, 8.59749854333e+13, 1.97618885264e+17, 0.0397877949412, 39.9680311668, 1.18142051077e-05, 6.6915296666e+16
M1.0-v480-T1, 51, 466, 3.30263296049e+17, 1.78126837261e+12, 3.30263295917e+17, 0.100328465147, 35.7927492846, 5.06559977589e-07, 6.75418579033e+16
M1.0-v480-T1, 81, 446, 1.05171920566e+17, 3.51778586383e+13, 1.05171920551e+17, 0.0539724234964, 44.5457532074, 0.000145759590644, 3.04496893722e+16
