Run, velocity(km/s), b(km/s), N_fit, upper_N_err, lower_N_err, q_fit, upper_q_err, lower_q_err, area, area_err
M3.6-v1000-T0.3-c, 30, 15, 8.4841324751e+15, 81599924.0, 8.48413239715e+15, 1.60500159995, 18.4301540868, 2.55887064871e-08, 2.89303009312e+14
M3.6-v1000-T0.3-c, 37, 36, 4.86989173238e+15, 37720878.0, 4.86988945708e+15, 0.880307631593, 14.9008722871, 1.14426138564e-08, 2.444385685e+14
M3.6-v1000-T0.3-c, 59, 45, 3.03481646082e+15, 20478972.0, 3.03481592188e+15, 1.60531017111, 15.0423339219, 1.7960992249e-08, 1.03472802525e+14
M3.6-v1000-T0.3-c, 110, 99, 6.0403123635e+14, 4651928.875, 6.04022587849e+14, 0.551547787307, 10.9795809585, 5.84509529666e-09, 4.14171382151e+13
M3.6-v3000-T3-c, 17, 33, 1.89406998692e+14, 48017072504.0, 1.89402169875e+14, 0.0213554314618, 36.274365736, 3.5874076626e-10, 8.53660009429e+13
M3.6-v3000-T3-c, 11, 40, 3.21058868554e+14, 3334790.5625, 3.21058438466e+14, 3.77284312057, 9.73948639424, 8.90253382124e-08, 6.76918150971e+12
M3.6-v3000-T3-c, 44, 45, 2.313310007e+15, 30610423.5, 2.3132208353e+15, 1.36038767312, 7.24519803973, 3.40418120359e-08, 8.75077438283e+13
M3.6-v3000-T3-c, 39, 47, 1.20087451388e+16, 262654510.0, 1.20087451085e+16, 14.1421859472, 8.54532970195, 0.166384563742, 1.56801634158e+14
M3.5-v1700-T1-c, 13, 23, 2.59545443348e+14, 5625426248.88, 2.5954401531e+14, 0.0349736083552, 22.7179271104, 4.99897227779e-10, 9.36076804489e+13
M3.5-v1700-T1-c, 26, 26, 2.82535809906e+15, 19601792.5, 2.82535780723e+15, 0.762283920183, 12.2102761727, 8.31931112888e-09, 1.56036492647e+14
M3.5-v1700-T1-c, 30, 30, 1.17013933651e+16, 132827268.0, 1.17013932833e+16, 7.28972141366, 10.1996282364, 3.00328812042e-06, 1.86054753866e+14
M3.5-v1700-T1-c, 38, 31, 7.70432180737e+15, 95909838.0, 7.70432174747e+15, 7.79567425585, 6.60434451876, 3.51209244824e-05, 1.19615889752e+14
M3.8-v1000-T0.3, 98, 57, 1.522675081e+15, 20482152.0, 1.5226749828e+15, 0.798310475341, 16.86282065, 1.43474551129e-08, 8.15484739071e+13
M3.8-v1000-T0.3, 126, 78, 1.13884401151e+15, 6794512.75, 1.13884310262e+15, 0.5291651122, 17.8312697861, 5.86078008347e-09, 8.02855579051e+13
M3.8-v1000-T0.3, 137, 68, 7.2340350369e+14, 5846935.875, 7.23381825496e+14, 0.319910030387, 11.5528510049, 3.86332871249e-09, 7.13111713609e+13
M3.8-v1000-T0.3, 193, 113, 1.41830713206e+14, 146056236979.0, 1.41826490695e+14, 0.101877923182, 33.5050347483, 5.56989573908e-09, 2.87446807024e+13
M3.6-v3000-T3, 69, 66, 2.58114097864e+15, 24204039.5, 2.58113982727e+15, 1.23385936228, 12.6896490436, 1.80770658442e-08, 1.03923242217e+14
M3.6-v3000-T3, 91, 66, 2.01835212659e+15, 86594983.75, 2.01835075979e+15, 0.885089306558, 14.8612030464, 8.22274204282e-09, 1.00946579702e+14
M3.6-v3000-T3, 92, 63, 1.51555305284e+15, 13354319.25, 1.51555295874e+15, 0.937147461963, 21.1312988693, 1.23206281843e-08, 7.29934479257e+13
M3.6-v3000-T3, 113, 80, 4.42153091737e+14, 29909428.8125, 4.42125969974e+14, 0.40672868197, 9.48964407836, 4.53018711433e-09, 3.7166969509e+13
M3.5-v1700-T1, 81, 69, 3.6335585153e+15, 32912233.0, 3.63355846362e+15, 2.4677793366, 29.242291894, 4.46224870387e-08, 9.59582371039e+13
M3.5-v1700-T1, 107, 83, 2.49196956662e+15, 17464424.0, 2.49196755449e+15, 1.65014249186, 8.99810667719, 2.37478101628e-08, 8.35298525103e+13
M3.5-v1700-T1, 119, 70, 1.35062074203e+15, 12807874.5, 1.35060129354e+15, 0.986722363101, 11.3491029499, 1.30481226934e-08, 6.28817554026e+13
M3.5-v1700-T1, 125, 83, 3.62494128247e+14, 2024011.125, 3.62493005191e+14, 0.34727603325, 17.3731205983, 3.22127879926e-09, 3.3845797973e+13
M3.8-v1000-T0.3-hc, 166, 106, 2.43868106242e+15, 2.51409032052e+12, 2.43867920451e+15, 0.0325236157812, 36.1580454021, 2.37830471081e-08, 9.10567321801e+14
M3.8-v1000-T0.3-hc, 178, 122, 1.66534329454e+15, 6.38296433282e+12, 1.66534288252e+15, 0.0223481000141, 43.4054703646, 5.82396087693e-07, 7.36253856957e+14
M3.8-v1000-T0.3-hc, 254, 196, 1.60552430763e+15, 1.07084931563e+13, 1.60552409841e+15, 0.0475442194546, 28.1803999446, 2.50033504262e-07, 4.96734291306e+14
M3.8-v1000-T0.3-hc, 364, 299, 1.50075150631e+15, 147517730346.0, 1.50073402289e+15, 0.121132249059, 18.5922503384, 1.6667456304e-09, 2.74268605848e+14
M3.5-v1700-T1-hc, 57, 54, 4.28208995512e+16, 510935176.0, 4.2820898807e+16, 3.19512973923, 14.4818597048, 1.70351124318e-07, 9.82427349117e+14
M3.5-v1700-T1-hc, 81, 57, 1.65378106249e+16, 169801752.0, 1.65378105625e+16, 0.650958357582, 22.8477603411, 8.42104763699e-09, 1.01486193467e+15
M3.5-v1700-T1-hc, 74, 74, 8.75773024896e+15, 73841672.0, 8.75772817059e+15, 2.36658759064, 11.8627897773, 4.21356300961e-08, 2.3685084102e+14
M3.5-v1700-T1-hc, 75, 73, 8.61493958245e+15, 80577139.0, 8.61493945463e+15, 2.38224623401, 10.5866153484, 4.14117061975e-07, 2.32113607814e+14
M3.6-v3000-T3-hc, 59, 33, 1.00446768859e+16, 88398408.0, 1.00446732342e+16, 0.540820126202, 12.8594622351, 8.61252502649e-09, 6.97864557743e+14
M3.6-v3000-T3-hc, 46, 34, 3.78272810934e+16, 366600280.0, 3.78272802661e+16, 2.07433769308, 13.5155895364, 4.593815639e-08, 1.10439848215e+15
M3.6-v3000-T3-hc, 58, 53, 4.02502013272e+16, 489110360.0, 4.02502012811e+16, 3.19706745195, 15.6805366713, 2.72407119528e-07, 9.23155733468e+14
M3.6-v3000-T3-hc, 62, 61, 2.16223276906e+16, 251392692.0, 2.16223275154e+16, 2.55470014155, 15.4887899334, 5.54835977162e-08, 5.60009590962e+14
M6.5-v1700-T0.3-lc, 59, 57, 9.32436056555e+15, 70239412.0, 9.32435966638e+15, 1.186847163, 11.0447565754, 1.73721597108e-08, 3.84933545078e+14
M6.5-v1700-T0.3-lc, 69, 58, 5.63843433843e+15, 49561983.0, 5.63843432833e+15, 2.39466944672, 19.7019409509, 3.58864422623e-08, 1.51467443779e+14
M6.5-v1700-T0.3-lc, 77, 76, 2.66386670971e+15, 24522720.5, 2.66386663251e+15, 1.74325119129, 10.930445326, 3.09195997694e-08, 8.63336456092e+13
M6.5-v1700-T0.3-lc, 118, 107, 1.03877868042e+15, 12555692.75, 1.03877867517e+15, 1.53959347909, 27.7199759143, 2.98925233455e-08, 3.63498356973e+13
M6.5-v1700-T0.3-c, 22, 29, 2.27235527352e+14, 287865528673.0, 2.27235266181e+14, 0.0285359975841, 35.4253640633, 4.4078026569e-08, 9.0170086356e+13
M6.5-v1700-T0.3-c, 65, 49, 3.65905664072e+15, 606795773.0, 3.65903832587e+15, 0.533622890174, 11.6241963949, 1.17625551521e-08, 2.56508584558e+14
M6.5-v1700-T0.3-c, 70, 66, 4.34606503799e+15, 25323958.5, 4.34606223175e+15, 2.14600124425, 11.0820914425, 2.47426985567e-08, 1.24380730025e+14
M6.5-v1700-T0.3-c, 81, 78, 4.71916738934e+15, 61078592.0, 4.71916731986e+15, 4.25392478974, 16.611596283, 2.97651726378e-07, 9.39081927263e+13
M11.4-v3000-T0.3-c, 9, 27, 1.505301281e+14, 625014970434.0, 1.50529356963e+14, 0.01183565461, 41.9832047955, 2.6705754606e-08, 8.50290685661e+13
M11.4-v3000-T0.3-c, 85, 83, 4.39028580601e+14, 2902842.5625, 4.39023606714e+14, 0.132620362513, 9.41007803785, 1.18393300719e-09, 7.59347827574e+13
M11.4-v3000-T0.3-c, 154, 44, 2.74176356269e+15, 217562601.5, 2.74176230215e+15, 1.06438316072, 15.0168980661, 6.8157931743e-08, 1.21475988963e+14
M11.4-v3000-T0.3-c, 176, 169, 6.92290209609e+15, 101777796.0, 6.92290209291e+15, 8.64315346807, 11.9381593034, 0.000779399672796, 1.03799317111e+14
M1.0-v860-T3-c, 7, 27, 1.12631198829e+15, 12474009.0, 1.12631172209e+15, 0.257921651802, 20.8496672806, 3.77682118913e-09, 1.27874028681e+14
M1.0-v860-T3-c, 16, 18, 3.48293714236e+15, 25915508.0, 3.48293703476e+15, 0.216008439114, 26.5703196038, 2.75091288637e-09, 4.4351014622e+14
M1.0-v860-T3-c, 10, 11, 8.1854522161e+15, 99512268.0, 8.18545200987e+15, 6.30688248936, 15.8791180933, 1.84670620129e-07, 1.37446652779e+14
M1.0-v860-T3-c, 17, 7, 3.86380371295e+15, 43061132.5, 3.86380247038e+15, 4.43724277237, 12.1443387743, 1.01332078728e-07, 7.53893563154e+13
M1.0-v1500-T10-c, 2, 31, 2.61742765731e+15, 24796040.5, 2.61740679329e+15, 0.864310095226, 4.49997671547, 1.63373815587e-08, 1.32982892327e+14
M1.0-v1500-T10-c, 23, 26, 4.19280529528e+15, 38777988.0, 4.19279481768e+15, 1.01541633535, 7.13394218209, 1.88000344181e-08, 1.91572841984e+14
M1.0-v1500-T10-c, 11, 16, 2.27418917927e+15, 50829828.0, 2.27418735124e+15, 1.50383717751, 13.8884993632, 5.57622055197e-08, 8.0757598834e+13
M1.0-v1500-T10-c, 15, 11, 5.04273714094e+15, 48623714.0, 5.04273705826e+15, 5.1887362012, 9.16950677614, 1.8970598699e-05, 9.1751300959e+13
M1.0-v480-T1-c, 3, 8, 2.97083618281e+15, 20627604.0, 2.97083485306e+15, 0.910946221157, 13.9613759362, 9.37732780315e-09, 1.45784761864e+14
M1.0-v480-T1-c, 7, 5, 4.38138757014e+15, 43307066.5, 4.38138743704e+15, 1.09883836581, 10.2109440959, 2.48171452277e-08, 1.90134093117e+14
M1.0-v480-T1-c, 7, 9, 4.40802788402e+15, 29860123.5, 4.40802779394e+15, 2.08239947479, 16.0493374619, 2.96967459512e-08, 1.28402119425e+14
M1.0-v480-T1-c, 10, 10, 8.51446216684e+14, 5664525.0, 8.51439995971e+14, 0.484017969572, 13.8352161263, 5.50958584311e-09, 6.37181766323e+13
M6.5-v1700-T0.3, 111, 83, 5.00434093944e+15, 34186909.0, 5.00433957746e+15, 1.84073311027, 8.32135833839, 2.74137352818e-08, 1.56911560583e+14
M6.5-v1700-T0.3, 139, 93, 5.40471443951e+15, 32190838.0, 5.40471332192e+15, 2.67118637015, 9.77514059063, 7.47148267699e-08, 1.36549603267e+14
M6.5-v1700-T0.3, 141, 110, 1.86397811246e+15, 12339733.75, 1.86397574166e+15, 0.966291917294, 7.72773091231, 1.21515247864e-08, 8.79833991935e+13
M6.5-v1700-T0.3, 226, 111, 3.84745624703e+14, 9290014.5625, 3.84745306312e+14, 0.47071366958, 21.8447135385, 4.24262081022e-09, 2.93345309599e+13
M11.4-v3000-T0.3, 175, 125, 4.01210398409e+15, 37754488.5, 4.01210202053e+15, 2.02962248419, 11.4318041177, 3.29302993762e-08, 1.18655118457e+14
M11.4-v3000-T0.3, 219, 160, 3.72739069391e+15, 20395409.0, 3.72738952061e+15, 2.48665652734, 11.6548610223, 2.77889369293e-08, 9.80136416882e+13
M11.4-v3000-T0.3, 234, 131, 1.92124635024e+15, 12119052.5, 1.9212454922e+15, 1.14186403845, 14.7032924159, 1.30767967566e-08, 8.13208723655e+13
M11.4-v3000-T0.3, 395, 359, 5.13733211488e+14, 2953696.125, 5.13732681231e+14, 0.655505733628, 10.2874871241, 5.52231393947e-09, 3.13793745495e+13
M0.5-v430-T3, 15, 25, 7.3772806913e+13, 4.42858387408e+12, 7.37708331875e+13, 0.00360901592588, 31.89119783, 3.66247725975e-08, 5.71676467815e+13
M0.5-v430-T3, 17, 38, 7.25667826689e+13, 8.72332330683e+12, 7.25633639416e+13, 0.0028027267422, 36.053143098, 6.5181091388e-08, 5.88325227322e+13
M0.5-v430-T3, 29, 28, 1.25647816664e+14, 370423183771.0, 1.25644641608e+14, 0.0402038717797, 24.7332259437, 9.91278829854e-10, 4.2325816235e+13
M0.5-v430-T3, 44, 29, 8.76271556557e+13, 30211840312.3, 8.7622716193e+13, 0.0382397815363, 30.6313646167, 7.90528975614e-10, 3.02591072285e+13
M1.0-v860-T3, 17, 39, 1.57359702055e+14, 2.68262064255e+12, 1.57354897375e+14, 0.0115817800458, 38.7879225615, 5.17439382799e-08, 8.95486512187e+13
M1.0-v860-T3, 31, 34, 1.95213666408e+14, 373090171009.0, 1.95212922447e+14, 0.0290082060251, 35.8137334026, 4.385930754e-09, 7.68828750405e+13
M1.0-v860-T3, 55, 36, 1.61358339251e+14, 8185647165.03, 1.613511808e+14, 0.0579733853333, 34.9408830611, 6.62348204061e-10, 4.49670482692e+13
M1.0-v860-T3, 71, 44, 9.88847164963e+13, 12208077358.4, 9.88843050196e+13, 0.0706449639426, 39.865664634, 1.55524719492e-09, 2.4729943324e+13
M6.2-v3000-T1, 115, 76, 5.50463522557e+15, 44557145.0, 5.50463515027e+15, 3.1829661576, 15.7562841166, 7.19203705479e-08, 1.26543664501e+14
M6.2-v3000-T1, 139, 84, 4.53029552954e+15, 35770184.0, 4.53029480133e+15, 2.00890846134, 10.7814504593, 3.20011830368e-08, 1.34797915079e+14
M6.2-v3000-T1, 121, 124, 2.43774836122e+15, 21606270.0, 2.43774781259e+15, 0.954914169238, 16.6593316366, 1.73355564348e-08, 1.1596629005e+14
M6.2-v3000-T1, 270, 222, 2.02931432609e+14, 118911603.75, 2.02928414416e+14, 0.250382369052, 14.0610805365, 2.85296442026e-09, 2.34885364683e+13
M1.0-v1500-T10, 22, 30, 1.9078532239e+14, 392105549528.0, 1.90784097455e+14, 0.0252580798061, 32.3080541647, 2.73595063272e-09, 7.99775029219e+13
M1.0-v1500-T10, 36, 30, 2.79322967381e+14, 30960213966.9, 2.79320329473e+14, 0.0606989383908, 17.3950469193, 6.6910094132e-10, 7.59340641885e+13
M1.0-v1500-T10, 38, 30, 5.27232996355e+14, 7272282.25, 5.27231694169e+14, 0.249788489336, 23.7918470301, 1.77489362096e-09, 6.11194561188e+13
M1.0-v1500-T10, 54, 40, 1.24597257256e+14, 3129433597.45, 1.24597046586e+14, 0.0839689953646, 34.6473637697, 1.70047666226e-09, 2.82597266768e+13
M1.0-v480-T1, 19, 35, 1.08318007196e+14, 1.46544767442e+12, 1.08317822623e+14, 0.00521437234261, 36.1997353664, 8.67084804235e-08, 7.75700833119e+13
M1.0-v480-T1, 31, 40, 2.02837054434e+14, 198026874921.0, 2.02837012847e+14, 0.0412328716731, 39.9113202498, 1.41808223511e-07, 6.74711010208e+13
M1.0-v480-T1, 50, 41, 3.38750050461e+14, 447665280.188, 3.38745145141e+14, 0.105967764321, 22.9806202165, 6.67967861578e-10, 6.70727409482e+13
M1.0-v480-T1, 81, 47, 1.04249587378e+14, 11996982974.7, 1.04249071574e+14, 0.0568397742669, 28.2428540173, 6.87361008389e-10, 2.93615507134e+13
