Run, velocity(km/s), b(km/s), N_fit, upper_N_err, lower_N_err, q_fit, upper_q_err, lower_q_err, area, area_err
M3.6-v1000-T0.3-c, 30, 962, 4.03397404829e+13, 332460.414062, 4.03290181101e+13, 1.32519307449, 7.26843258135, 1.54797457075e-08, 1.55162476551e+12
M3.6-v1000-T0.3-c, 45, 903, 1.002739667e+14, 551740.03125, 1.00166573444e+14, 0.893386869968, 4.20405560395, 1.02518235012e-08, 4.9843003868e+12
M3.6-v1000-T0.3-c, 79, 850, 4.02857972091e+13, 560562.492188, 4.02799338482e+13, 0.720212093822, 10.4044073247, 1.36429422204e-08, 2.31069306079e+12
M3.6-v1000-T0.3-c, 132, 754, 5.24018940766e+13, 760116.601562, 5.24009529944e+13, 0.72593621049, 7.85223369802, 1.02430985915e-08, 2.98980840172e+12
M3.6-v3000-T3-c, 31, 264, 2.36929388608e+14, 321003960.719, 2.3692902784e+14, 0.218425928573, 25.4323980523, 3.83503395707e-09, 2.99550286159e+13
M3.6-v3000-T3-c, 64, 173, 2.36693700441e+16, 666235572.0, 2.36693685772e+16, 19.4712526763, 4.47201068476, 2.51513991671, 2.889501443e+14
M3.6-v3000-T3-c, 50, 146, 4.39204632369e+14, 14325694.125, 4.39204554213e+14, 0.573358393525, 17.317963512, 7.56766127541e-09, 2.93429926323e+13
M3.6-v3000-T3-c, 51, 196, 1.38570160433e+15, 15629059.75, 1.38570140002e+15, 6.21968705225, 9.92044417587, 7.54174743722e-06, 2.33957078238e+13
M3.5-v1700-T1-c, 13, 1571, 1.15328461116e+14, 47548741.2188, 1.15327581165e+14, 0.206242094881, 22.9692226816, 1.81480919181e-09, 1.51279429412e+13
M3.5-v1700-T1-c, 23, 1570, 1.47416455748e+14, 1260644.15625, 1.47414821204e+14, 0.632870615912, 11.0148677229, 1.00339863085e-08, 9.2185736876e+12
M3.5-v1700-T1-c, 23, 1475, 1.35139650979e+14, 1726122.8125, 1.35139305443e+14, 1.29852328836, 10.5777422252, 2.47695040034e-08, 5.26586074211e+12
M3.5-v1700-T1-c, 25, 1557, 1.17911209644e+14, 1329174.125, 1.1791096587e+14, 6.41525300754, 11.51124633, 2.05202461245e-07, 1.96681525611e+12
M3.8-v1000-T0.3, 208, 691, 3.94388232655e+13, 1.47357363939e+12, 3.94353246761e+13, 0.0096856976257, 35.3716757245, 2.84196024162e-08, 2.38020630008e+13
M3.8-v1000-T0.3, 264, 569, 4.8538729036e+13, 7.89735060633e+12, 4.85386627566e+13, 0.00705258965422, 33.7465988351, 1.25808257582e-06, 3.21770304846e+13
M3.8-v1000-T0.3, 299, 510, 6.67285207652e+13, 5.85209833602e+12, 6.67271871731e+13, 0.0113117619763, 30.9777848155, 4.93027763823e-07, 3.82781495043e+13
M3.8-v1000-T0.3, 311, 510, 5.11703747352e+13, 278126664564.0, 5.11693213281e+13, 0.0192110745039, 27.4506716778, 4.7010761256e-10, 2.40959751299e+13
M3.6-v3000-T3, 174, 380, 4.17609006628e+13, 8.54151872202e+12, 4.1758768396e+13, 0.0189178980368, 33.9941049358, 2.7589005007e-06, 1.97883758354e+13
M3.6-v3000-T3, 195, 235, 8.35022375535e+13, 28879674219.8, 8.35020946292e+13, 0.0374743904452, 22.9409689691, 1.28130540206e-09, 2.91223462517e+13
M3.6-v3000-T3, 212, 208, 1.01315969587e+14, 75610620137.6, 1.01314404815e+14, 0.0308944313081, 22.591406552, 7.83437668905e-10, 3.87548243265e+13
M3.6-v3000-T3, 216, 350, 3.72733863557e+13, 1.01340790435e+12, 3.72731429592e+13, 0.0519291682309, 35.2189365087, 8.69474539048e-07, 1.10136926814e+13
M3.5-v1700-T1, 177, 1379, 4.50733724615e+13, 2.82031429971e+13, 4.50709347069e+13, 0.0247712448001, 25.1855311613, 3.78020539237e-06, 1.90577105168e+13
M3.5-v1700-T1, 211, 1275, 6.36157646568e+13, 1.13351163564e+13, 6.36154674912e+13, 0.0214547864551, 34.4224145446, 4.35086813402e-06, 2.86156973094e+13
M3.5-v1700-T1, 240, 1222, 1.12198054091e+14, 1.15812289117e+12, 1.12196188853e+14, 0.0336486534982, 25.9910816774, 1.74617351828e-09, 4.12216160303e+13
M3.5-v1700-T1, 217, 1299, 6.88887065684e+13, 508463771934.0, 6.88886648526e+13, 0.0297153823292, 41.0754284296, 1.68226638141e-08, 2.68316467534e+13
M3.8-v1000-T0.3-hc, 310, 524, 4.25642212082e+14, 9.55388030451e+13, 4.25635300341e+14, 0.0264115682565, 31.8145898999, 8.7399583043e-08, 1.74918935591e+14
M3.8-v1000-T0.3-hc, 276, 539, 4.76183030454e+14, 4.74592403181e+12, 4.76182978587e+14, 0.049593456742, 38.1692102782, 2.72006236493e-07, 1.44136118133e+14
M3.8-v1000-T0.3-hc, 347, 411, 3.38813449914e+14, 2.81897410788e+13, 3.38813388611e+14, 0.040318969017, 38.7840669732, 1.39541829102e-05, 1.13970577393e+14
M3.8-v1000-T0.3-hc, 471, 186, 3.20658225536e+14, 9.0217427723e+12, 3.20650126179e+14, 0.0567875051735, 37.4764293543, 3.01272243541e-08, 9.03568299223e+13
M3.5-v1700-T1-hc, 77, 138, 8.76944292813e+14, 7465791.0, 8.76944225633e+14, 5.66742559963, 12.0336804591, 1.04107711785e-07, 1.53723760095e+13
M3.5-v1700-T1-hc, 118, 1458, 6.23812624798e+14, 18932993.5, 6.2381254783e+14, 0.696101685652, 23.2275578936, 1.44422519499e-08, 3.66030465068e+13
M3.5-v1700-T1-hc, 77, 129, 3.38343015821e+12, 60053.2280273, 3.38311540671e+12, 26.2211711247, 0.529170496904, 3.57793160823e-05, 39320141070.1
M3.5-v1700-T1-hc, 80, 124, 2.76638578371e+13, 592403.855469, 2.7662313136e+13, 27.9662950463, 0.890709767288, 0.000688895268553, 3.18557574535e+11
M3.6-v3000-T3-hc, 38, 92, 2.00639233848e+15, 17147921.5, 2.00639202748e+15, 2.62810988347, 12.7229858572, 4.8686396692e-08, 5.11501488281e+13
M3.6-v3000-T3-hc, 39, 129, 1.75968430202e+15, 17274757.5, 1.75967565361e+15, 2.2503823304, 10.4731090954, 3.1613853313e-08, 4.89880940193e+13
M3.6-v3000-T3-hc, 67, 126, 7.96747937358e+14, 9818878.0, 7.96747810106e+14, 7.30289091402, 12.465324309, 2.02238114255e-07, 1.26602009825e+13
M3.6-v3000-T3-hc, 64, 143, 4.17070421822e+14, 7988675.5625, 4.17070300429e+14, 18.4925539115, 5.5011182249, 6.03931071907e-06, 5.14152218075e+12
M6.5-v1700-T0.3-lc, 58, 1578, 1.03430062006e+14, 624231.890625, 1.03426913809e+14, 1.64547230527, 7.01935856981, 1.81541210953e-08, 3.47300220532e+12
M6.5-v1700-T0.3-lc, 93, 1515, 1.97814776996e+14, 1306037.5625, 1.9780139736e+14, 0.855626657293, 6.7628696782, 6.96767576969e-09, 1.0117752216e+13
M6.5-v1700-T0.3-lc, 90, 1509, 1.01897101901e+14, 869601.421875, 1.01897062768e+14, 0.795844364843, 13.909850775, 9.29059451593e-09, 5.46844268325e+12
M6.5-v1700-T0.3-lc, 159, 1409, 1.63578780545e+14, 1432981.59375, 1.63578355592e+14, 1.98899641196, 9.02025135745, 3.07605385608e-08, 4.8961537842e+12
M6.5-v1700-T0.3-c, 36, 1646, 1.39433931546e+14, 8409795582.81, 1.39433686631e+14, 0.214030861251, 26.3625345497, 4.38585195939e-09, 1.78604295944e+13
M6.5-v1700-T0.3-c, 44, 1590, 1.03412373253e+14, 1196033.32812, 1.03410346319e+14, 0.680487324576, 9.03373406032, 9.78717829003e-09, 6.16053703536e+12
M6.5-v1700-T0.3-c, 65, 1523, 2.29069124409e+14, 2987674.0, 2.29068770718e+14, 0.923368655928, 15.5160302145, 1.84595746466e-08, 1.11408730572e+13
M6.5-v1700-T0.3-c, 76, 1511, 9.47077948575e+13, 1045887.23438, 9.47010996711e+13, 3.22498047963, 6.16377490704, 5.43726654811e-08, 2.16232365934e+12
M11.4-v3000-T0.3-c, 175, 2796, 1.73883576941e+15, 15320709.75, 1.73883441931e+15, 0.779110278592, 13.5854891395, 1.25446992794e-08, 9.46452662636e+13
M11.4-v3000-T0.3-c, 36, 2953, 3.54738672219e+14, 2365500.8125, 3.54733638467e+14, 0.382335294331, 12.769304885, 3.12932296742e-09, 3.1072764309e+13
M11.4-v3000-T0.3-c, 115, 2877, 4.89273216595e+14, 9561797.8125, 4.89272916711e+14, 0.666557681195, 15.1030390989, 1.56185827604e-08, 2.95530347402e+13
M11.4-v3000-T0.3-c, 180, 2643, 2.43350053786e+14, 3427394.125, 2.43350010359e+14, 3.51474302321, 15.1984319057, 3.36347085739e-07, 5.31572053808e+12
M1.0-v860-T3-c, 0, 296, 9.1086336922e+13, 696821.0625, 9.10834518164e+13, 0.918072755963, 7.19468813042, 1.16867933109e-08, 4.44686047642e+12
M1.0-v860-T3-c, 6, 226, 5.74901497498e+13, 39864871.1797, 5.74898006038e+13, 0.22015849573, 9.54926395874, 2.15398382464e-09, 7.23163968033e+12
M1.0-v860-T3-c, 10, 704, 3.22069917188e+14, 4597660.125, 3.2206970889e+14, 4.35654014966, 12.9542093026, 1.34193320456e-07, 6.33786917227e+12
M1.0-v860-T3-c, 17, 502, 5.26919193467e+13, 1001754.46094, 5.26815957845e+13, 1.25536897415, 4.78358441972, 2.7393480373e-08, 2.09809969386e+12
M1.0-v1500-T10-c, -22, 229, 1.60375897513e+14, 1062393.5, 1.60374538057e+14, 2.37079737923, 10.7140740019, 3.38580936621e-08, 4.33292896045e+12
M1.0-v1500-T10-c, 8, 176, 7.81050370549e+13, 673224.109375, 7.81033636729e+13, 0.897197382678, 7.00839884506, 8.39465352787e-09, 3.871450877e+12
M1.0-v1500-T10-c, 13, 184, 1.32284465216e+14, 7936443.92188, 1.32284413898e+14, 0.485827571675, 15.8016222259, 5.69247571303e-09, 9.87484529513e+12
M1.0-v1500-T10-c, 18, 168, 1.18662576985e+14, 1101748.71875, 1.18659793558e+14, 5.23136485789, 9.06402299805, 1.06913768505e-07, 2.15144873126e+12
M1.0-v480-T1-c, -2, 457, 1.60847263962e+13, 163266.041016, 1.60838473102e+13, 1.18418206065, 7.38569189446, 2.40413322583e-08, 6.6498306899e+11
M1.0-v480-T1-c, 9, 489, 9.361144479e+13, 942612.59375, 9.36110796559e+13, 4.24678661465, 6.32651225746, 8.08672364627e-08, 1.86427604334e+12
M1.0-v480-T1-c, 6, 498, 2.42221095622e+13, 513216.25, 2.42177036079e+13, 1.20991036143, 6.93883029221, 3.64374228567e-08, 9.87619358189e+11
M1.0-v480-T1-c, 11, 519, 6.17584606834e+12, 81121.8564453, 6.17357045614e+12, 10.2354524678, 1.05800443087, 1.53418384699e-05, 87852587120.5
M6.5-v1700-T0.3, 253, 1310, 6.6457321381e+13, 4.16143589255e+12, 6.64555061583e+13, 0.0212917925601, 30.484485792, 4.84903232199e-07, 2.99900513334e+13
M6.5-v1700-T0.3, 315, 1210, 1.27104772595e+14, 307536561138.0, 1.27104338458e+14, 0.0734573556646, 31.5391333457, 2.39592818502e-08, 3.11010492856e+13
M6.5-v1700-T0.3, 250, 1280, 1.49218481695e+14, 483923635150.0, 1.49173638902e+14, 0.120093266219, 23.0929280905, 2.48538581382e-09, 2.74125727429e+13
M6.5-v1700-T0.3, 357, 1177, 6.8400849449e+13, 3.23895888086e+12, 6.83992098852e+13, 0.0453309950757, 25.8722744537, 6.1247843873e-08, 2.16874364308e+13
M11.4-v3000-T0.3, 298, 2493, 1.49252962798e+14, 7.34653131706e+12, 1.49251608654e+14, 0.0652388245508, 34.3833003441, 1.38026053499e-06, 3.90078643567e+13
M11.4-v3000-T0.3, 375, 2347, 1.58989253413e+14, 2.99949579033e+12, 1.58989175726e+14, 0.0664735163858, 46.3461954121, 3.33219786182e-06, 4.11258524366e+13
M11.4-v3000-T0.3, 390, 2302, 3.20322993943e+14, 1959012528.62, 3.20318358947e+14, 0.190486798965, 11.4892064481, 3.02516378614e-09, 4.42019606211e+13
M11.4-v3000-T0.3, 537, 2008, 1.02261669911e+14, 3.96321554461e+12, 1.02258118008e+14, 0.0983808597568, 25.8002672758, 1.4425667362e-07, 2.11560254813e+13
M0.5-v430-T3, 45, 136, 2.24824896267e+13, 35654758304.3, 2.24821672705e+13, 0.0258198061536, 25.298358268, 4.67078091482e-10, 9.33317868038e+12
M0.5-v430-T3, 56, 149, 1.82023376704e+13, 1.43866814969e+12, 1.82016192478e+13, 0.00963899573216, 30.1936412508, 3.70815197003e-08, 1.10022684877e+13
M0.5-v430-T3, 56, 134, 1.22492379226e+13, 3.20315700368e+12, 1.22455688118e+13, 0.00604583563343, 40.0511500954, 1.42660941751e-07, 8.45866590799e+12
M0.5-v430-T3, 70, 108, 1.50765588208e+13, 894348257331.0, 1.50758564584e+13, 0.0069146787422, 30.1663955077, 2.0897333774e-08, 1.00486563191e+13
M1.0-v860-T3, 62, 284, 1.5513681381e+13, 705881923073.0, 1.55089469949e+13, 0.0133332511922, 21.9918837389, 4.00412527787e-10, 8.40373069617e+12
M1.0-v860-T3, 64, 194, 1.32742332481e+13, 4.26770124368e+12, 1.32741939397e+13, 0.00522112601819, 46.4203052987, 4.65741129104e-06, 9.5032022149e+12
M1.0-v860-T3, 98, 166, 1.91242250252e+13, 1.01358208702e+13, 1.91148985863e+13, 0.00456994597425, 32.190911126, 9.29286997662e-07, 1.41146366345e+13
M1.0-v860-T3, 112, 153, 2.49113186085e+13, 1.22699447327e+12, 2.49101072837e+13, 0.00809334741461, 30.5481054739, 4.79279985838e-09, 1.58808433541e+13
M6.2-v3000-T1, 223, 2564, 8.23143070553e+13, 3.86752065954e+13, 8.23140884292e+13, 0.0337250061899, 35.9442220224, 2.89307786111e-05, 3.020961479e+13
M6.2-v3000-T1, 310, 2392, 9.92792282475e+13, 1.04106321668e+12, 9.92791417748e+13, 0.0350609765246, 43.0832148378, 4.82988691611e-08, 3.57630322175e+13
M6.2-v3000-T1, 211, 2576, 1.96913231941e+14, 2216186947.59, 1.96911181468e+14, 0.137417349518, 24.9459649642, 1.7600811919e-09, 3.33249956428e+13
M6.2-v3000-T1, 353, 2293, 9.58613816786e+13, 28161171162.1, 9.58611471484e+13, 0.0566440156919, 22.5108861755, 2.54044379283e-09, 2.70489529035e+13
M1.0-v1500-T10, 58, 166, 1.30181407768e+13, 2.43041102816e+12, 1.30174395219e+13, 0.0102313407055, 31.6845856394, 7.93041823072e-07, 7.71989604158e+12
M1.0-v1500-T10, 82, 135, 1.82381543801e+13, 4.96172441346e+12, 1.8236487663e+13, 0.00530891532605, 23.5888155292, 1.04779358091e-07, 1.30052607906e+13
M1.0-v1500-T10, 73, 122, 2.35000490456e+13, 1.42720163987e+12, 2.34999482715e+13, 0.0195647977072, 38.0866402559, 2.5746509702e-08, 1.09839130446e+13
M1.0-v1500-T10, 89, 143, 1.78839759154e+13, 1.11264404341e+12, 1.78832924678e+13, 0.00927119890171, 36.8887106979, 7.10516622447e-09, 1.09425366656e+13
M1.0-v480-T1, 77, 413, 1.18700626924e+13, 1.00493362441e+12, 1.18699776359e+13, 0.00725655507579, 34.7454797796, 4.56438934598e-07, 7.80695536918e+12
M1.0-v480-T1, 60, 418, 1.94373763895e+13, 3.12696875543e+12, 1.94372406297e+13, 0.00441593563531, 32.3199853169, 2.704823356e-07, 1.44535736327e+13
M1.0-v480-T1, 98, 343, 2.17345558445e+13, 2.36003026404e+12, 2.17341587094e+13, 0.00731954872251, 36.7250460206, 5.77714084834e-07, 1.42603715886e+13
M1.0-v480-T1, 126, 324, 2.62494869005e+13, 2.02832437741e+12, 2.62494400327e+13, 0.00868468767494, 54.6860199486, 7.49713236731e-06, 1.63862494843e+13
