Run, velocity(km/s), b(km/s), N_fit, upper_N_err, lower_N_err, q_fit, upper_q_err, lower_q_err, area, area_err
M3.6-v1000-T0.3-c, 27, 966, 3.79156853313e+13, 332342.820312, 3.78828887109e+13, 1.45161058975, 2.59428178799, 1.87118553985e-08, 1.37661116776e+12
M3.6-v1000-T0.3-c, 44, 904, 3.20785913282e+13, 404209.300781, 3.20649242146e+13, 1.3198102849, 7.87866406199, 2.35508970103e-08, 1.23707338499e+12
M3.6-v1000-T0.3-c, 82, 848, 2.19894393173e+13, 192269.269531, 2.19859609617e+13, 0.67542418941, 8.75673769606, 6.62106347527e-09, 1.31652193448e+12
M3.6-v1000-T0.3-c, 129, 758, 3.62492521568e+13, 4654585.01562, 3.62478183718e+13, 0.755919511505, 11.8976749567, 1.26735262285e-08, 2.0131546036e+12
M3.6-v3000-T3-c, 29, 255, 1.18796406796e+14, 2754584677.56, 1.18795736765e+14, 0.199338679338, 30.1232016736, 4.0900849374e-09, 1.59255872791e+13
M3.6-v3000-T3-c, 50, 160, 5.51427947425e+17, 10990607808.0, 5.51427947422e+17, 11.6370487483, 15.7688924451, 0.0152539382304, 7.56467852325e+15
M3.6-v3000-T3-c, 53, 154, 2.90751775012e+14, 2862458.8125, 2.90751150214e+14, 0.706631460057, 17.1790246785, 1.16962586283e-08, 1.68900566515e+13
M3.6-v3000-T3-c, 68, 197, 5.40493566583e+14, 8753378.5625, 5.40487085535e+14, 10.4919544415, 6.74347893473, 3.98683477343e-07, 7.63317470396e+12
M3.5-v1700-T1-c, 7, 1580, 7.90146182229e+13, 17178698.8906, 7.90116193303e+13, 0.289826573946, 10.003357229, 3.19294646278e-09, 8.3121348979e+12
M3.5-v1700-T1-c, 29, 1566, 1.32986717488e+14, 2085432.20312, 1.32986315314e+14, 0.733836328197, 15.1896295665, 1.14960365671e-08, 7.53302071907e+12
M3.5-v1700-T1-c, 27, 1474, 9.90867599106e+13, 713987.1875, 9.90866920718e+13, 1.64205788131, 16.5492149878, 2.25466867398e-08, 3.3314295029e+12
M3.5-v1700-T1-c, 28, 1555, 5.96944866803e+13, 624061.179688, 5.9693238878e+13, 6.42641481856, 3.8409205792, 1.56388607842e-07, 9.95061609657e+11
M3.8-v1000-T0.3, 179, 720, 3.64963965501e+13, 1.1500627989e+12, 3.6493277271e+13, 0.0110815265629, 29.375135184, 5.21465577316e-10, 2.10810080063e+13
M3.8-v1000-T0.3, 236, 594, 4.12195014368e+13, 6.65408188018e+12, 4.12147192498e+13, 0.00962119313203, 29.4155739009, 9.2042451872e-09, 2.49293854569e+13
M3.8-v1000-T0.3, 266, 539, 5.62853380488e+13, 2.62521028058e+13, 5.62853045609e+13, 0.0170204785727, 44.2677863953, 0.00020398693798, 2.78182179533e+13
M3.8-v1000-T0.3, 280, 540, 4.49601652822e+13, 159118294045.0, 4.49585763543e+13, 0.0235386353235, 24.8514040597, 1.27984268322e-09, 1.94382273014e+13
M3.6-v3000-T3, 162, 366, 3.6808172074e+13, 4.5564113194e+12, 3.67808813042e+13, 0.0163577158507, 28.5739664477, 8.7191985472e-09, 1.84751907301e+13
M3.6-v3000-T3, 182, 235, 1.01258487608e+14, 80784886149.5, 1.01257549871e+14, 0.0876717721661, 30.6237255738, 7.61410871852e-09, 2.2402995343e+13
M3.6-v3000-T3, 197, 207, 8.00683872676e+13, 130933088519.0, 8.00675103296e+13, 0.0360447528054, 36.636992034, 1.49600530575e-08, 2.8459331143e+13
M3.6-v3000-T3, 196, 343, 3.63486756888e+13, 2.46345636509e+12, 3.63090542538e+13, 0.0570059399374, 25.9093936076, 2.72184789984e-09, 1.0221487735e+13
M3.5-v1700-T1, 162, 1396, 3.52382850535e+13, 1.77306561241e+13, 3.52159550642e+13, 0.0165455199884, 22.7171254725, 5.09821194775e-08, 1.76092096953e+13
M3.5-v1700-T1, 193, 1294, 5.09080235164e+13, 766584563772.0, 5.09000878155e+13, 0.0174108583025, 30.7224700344, 9.37184812394e-10, 2.49372490904e+13
M3.5-v1700-T1, 220, 1244, 7.74294613762e+13, 49362584878.4, 7.742901901e+13, 0.0288890281841, 20.250443236, 7.09849914959e-10, 3.05524776106e+13
M3.5-v1700-T1, 201, 1318, 6.83811940861e+13, 427486666567.0, 6.83809592211e+13, 0.0566928972581, 34.9597874456, 6.36194238263e-09, 1.92860349845e+13
M3.8-v1000-T0.3-hc, 290, 543, 2.26985659243e+14, 4.39222706221e+13, 2.26983537345e+14, 0.0230043261615, 29.9347017663, 4.19976352223e-07, 9.91138712634e+13
M3.8-v1000-T0.3-hc, 270, 544, 3.035469141e+14, 2.06597896933e+12, 3.03533558589e+14, 0.0562331033522, 32.3683667293, 3.27188457577e-09, 8.59851831127e+13
M3.8-v1000-T0.3-hc, 338, 421, 2.01041650157e+14, 7.6852161462e+12, 2.01041197173e+14, 0.0435598491674, 32.0390410154, 1.14967356924e-06, 6.50495926419e+13
M3.8-v1000-T0.3-hc, 457, 202, 2.67694682247e+14, 386215675776.0, 2.67693597408e+14, 0.109504588016, 32.1463888354, 1.05740932121e-08, 5.19782910096e+13
M3.5-v1700-T1-hc, 48, 120, 3.58419156791e+15, 57630617.5, 3.58419148346e+15, 11.9550365714, 9.02567357187, 0.000102514688693, 4.8814806677e+13
M3.5-v1700-T1-hc, 131, 1447, 4.27855187238e+14, 4757912.9375, 4.27855018022e+14, 1.20014629071, 18.2882025845, 2.35906902901e-08, 1.75364603195e+13
M3.5-v1700-T1-hc, 51, 93, 3.06269559643e+13, 634227.667969, 3.06098024121e+13, 32.2534316617, 0.000843806514041, 0.000999965547116, 3.46174397581e+11
M3.5-v1700-T1-hc, 78, 106, 2.13874890163e+13, 380612.425781, 2.13826834529e+13, 29.8122016763, 0.161692326739, 1.72221264449e-06, 2.44169296696e+11
M3.6-v3000-T3-hc, 51, 78, 1.01353215301e+15, 9925846.875, 1.01353086674e+15, 6.49775561195, 10.1270717966, 5.76859041068e-06, 1.68228860597e+13
M3.6-v3000-T3-hc, 56, 118, 9.98680197427e+14, 9737160.25, 9.98678674493e+14, 5.50885766968, 7.60242207145, 1.29657443004e-07, 1.7714254669e+13
M3.6-v3000-T3-hc, 84, 127, 3.91562360034e+14, 4773697.625, 3.91562254933e+14, 7.65713436515, 8.57589917931, 1.16046447172e-05, 6.11761388933e+12
M3.6-v3000-T3-hc, 53, 134, 2.61201273215e+14, 5509675.46875, 2.61200048047e+14, 20.7368739427, 5.2973332967, 0.000757152457094, 3.15248808547e+12
M6.5-v1700-T0.3-lc, 62, 1575, 9.38519745995e+13, 853148.953125, 9.3851600546e+13, 2.97121896565, 6.34866279433, 5.291739269e-08, 2.23765978336e+12
M6.5-v1700-T0.3-lc, 86, 1521, 5.92863671222e+13, 767383.085938, 5.92774595747e+13, 0.639666261691, 6.35072723156, 7.39176808651e-09, 3.68102238129e+12
M6.5-v1700-T0.3-lc, 85, 1514, 5.85500977288e+13, 5629171.08594, 5.85499835958e+13, 0.904894683297, 11.7064658177, 1.24918895228e-08, 2.88583827787e+12
M6.5-v1700-T0.3-lc, 151, 1421, 1.0278964443e+14, 775046.640625, 1.02787148593e+14, 1.54899892085, 15.7867575129, 2.30810321966e-08, 3.58327104832e+12
M6.5-v1700-T0.3-c, 29, 1654, 7.19752491645e+13, 45056514.5781, 7.19741872243e+13, 0.189620003159, 13.0508034326, 2.11553397023e-09, 9.96081684741e+12
M6.5-v1700-T0.3-c, 37, 1600, 6.53768660414e+13, 525135.226562, 6.53765730164e+13, 0.566384732981, 10.305110513, 9.54572698664e-09, 4.40374132396e+12
M6.5-v1700-T0.3-c, 55, 1533, 1.10424563951e+14, 3048223.76562, 1.10421905016e+14, 1.16423630963, 11.778089634, 4.08048719258e-08, 4.61561397319e+12
M6.5-v1700-T0.3-c, 72, 1515, 7.96306131992e+13, 615834.921875, 7.96169269561e+13, 3.98713799651, 4.25511895415, 6.02289866869e-08, 1.63426885794e+12
M11.4-v3000-T0.3-c, 128, 2841, 1.97441093513e+14, 5235621627.34, 1.97440156042e+14, 0.133132975148, 33.1282679517, 2.19235010701e-09, 3.4069138068e+13
M11.4-v3000-T0.3-c, 34, 2955, 2.37828946133e+14, 1446030.9375, 2.3782330338e+14, 0.516515209622, 8.55522442386, 5.10789799346e-09, 1.70402535613e+13
M11.4-v3000-T0.3-c, 123, 2869, 2.78783173996e+14, 41871361.4062, 2.7878300621e+14, 0.628232867043, 21.4028789951, 1.21921425178e-08, 1.75195224024e+13
M11.4-v3000-T0.3-c, 181, 2642, 1.59725901739e+14, 1537276.1875, 1.59720330241e+14, 3.92567125296, 5.12749067297, 8.79890316163e-08, 3.30282941666e+12
M1.0-v860-T3-c, -4, 290, 5.91996759544e+13, 333222.78125, 5.91950943194e+13, 0.848689821239, 12.3240505702, 7.60375995501e-09, 3.04429768162e+12
M1.0-v860-T3-c, 8, 225, 4.92425469899e+13, 21593559.8047, 4.92374095221e+13, 0.271389629495, 21.6537907522, 3.23066051688e-09, 5.40805573856e+12
M1.0-v860-T3-c, 11, 445, 5.25117226467e+13, 6179435.07031, 5.25105238293e+13, 0.527275225956, 6.38457542285, 9.77779457401e-09, 3.71082312014e+12
M1.0-v860-T3-c, 20, 453, 4.43347720863e+13, 589545.945312, 4.43347532181e+13, 1.38927915589, 15.1178252692, 3.04264944351e-08, 1.65489203039e+12
M1.0-v1500-T10-c, -13, 232, 1.81340919862e+14, 1627290.78125, 1.81335564975e+14, 3.44684348494, 9.98282978351, 5.16451805765e-08, 4.00064679343e+12
M1.0-v1500-T10-c, 9, 187, 5.22588082743e+13, 332167.625, 5.22577358599e+13, 0.798529094059, 9.72147905863, 8.30995527945e-09, 2.79826637553e+12
M1.0-v1500-T10-c, 16, 187, 1.12306838076e+14, 23696422.6094, 1.12306797053e+14, 0.619398680002, 24.3230847427, 1.11289715221e-08, 7.12490336268e+12
M1.0-v1500-T10-c, 22, 171, 8.29010958914e+13, 1012996.96875, 8.28866077256e+13, 7.06526123178, 3.79390030574, 1.68406565138e-07, 1.33328222601e+12
M1.0-v480-T1-c, -1, 460, 1.94081213261e+13, 119228.425781, 1.9406865276e+13, 0.820850484671, 3.44519943081, 6.65380184284e-09, 1.020373725e+12
M1.0-v480-T1-c, 10, 492, 4.59315309266e+13, 538933.242188, 4.59312517441e+13, 2.70686571371, 6.77650456338, 7.20619470762e-08, 1.15198859273e+12
M1.0-v480-T1-c, 9, 499, 2.87183503061e+13, 457926.261719, 2.87180959232e+13, 4.36073575128, 10.383534609, 1.42001757908e-07, 5.64882273015e+11
M1.0-v480-T1-c, 14, 520, 1.34131029413e+13, 223136.888672, 1.34129539192e+13, 12.4452022577, 1.59679258431, 0.000731078052944, 1.8076470343e+11
M6.5-v1700-T0.3, 232, 1328, 5.52422878388e+13, 1.28765426182e+14, 5.5240912106e+13, 0.024586920758, 37.884285446, 0.00214350016418, 2.3434053766e+13
M6.5-v1700-T0.3, 285, 1236, 6.63235634092e+13, 843619070830.0, 6.63234853788e+13, 0.034140427874, 46.4125851602, 7.13966793187e-08, 2.41988869856e+13
M6.5-v1700-T0.3, 231, 1298, 1.11988424066e+14, 13638503502.1, 1.11988387601e+14, 0.158068113213, 39.0120273683, 8.40369684951e-09, 1.73796982408e+13
M6.5-v1700-T0.3, 323, 1210, 6.82233523623e+13, 41366426237.4, 6.8222076969e+13, 0.0632715021945, 20.9245929682, 9.45683129028e-10, 1.8132159736e+13
M11.4-v3000-T0.3, 288, 2502, 1.14699793981e+14, 49682289848.8, 1.14696295983e+14, 0.0805989789536, 18.8556694499, 1.24442278704e-09, 2.66312474054e+13
M11.4-v3000-T0.3, 349, 2370, 1.68729798147e+14, 121310604009.0, 1.68728296682e+14, 0.139342898376, 21.2340458386, 6.23418872081e-09, 2.83122363772e+13
M11.4-v3000-T0.3, 373, 2317, 1.85833653762e+14, 279636366.75, 1.85833605673e+14, 0.229193387711, 30.2333455944, 3.90153204188e-09, 2.27776402847e+13
M11.4-v3000-T0.3, 505, 2039, 7.73375302784e+13, 592825297729.0, 7.73374175935e+13, 0.108037117338, 33.3845114413, 4.71951863146e-07, 1.51378339007e+13
M0.5-v430-T3, 42, 130, 1.84021184735e+13, 2.24454071242e+12, 1.83973039969e+13, 0.0237452897577, 30.8796033276, 1.63968203251e-09, 7.92591175203e+12
M0.5-v430-T3, 51, 148, 2.01555804767e+13, 1.16247944718e+12, 2.01546398825e+13, 0.0126676791232, 33.2556676948, 2.20439203731e-08, 1.11190994983e+13
M0.5-v430-T3, 53, 131, 1.26087641937e+13, 5.13110159865e+12, 1.26059971537e+13, 0.00601694142301, 33.7435614648, 1.04526250823e-06, 8.71757640303e+12
M0.5-v430-T3, 68, 104, 1.41165028975e+13, 3.47082337307e+12, 1.41094012793e+13, 0.00657872357273, 30.3557533191, 3.72886328464e-08, 9.53581302298e+12
M1.0-v860-T3, 56, 277, 1.66015717525e+13, 1.00463889425e+12, 1.65992308995e+13, 0.0160111558771, 23.7185291944, 3.30920923303e-09, 8.40184472481e+12
M1.0-v860-T3, 61, 185, 1.43262047599e+13, 3.59369210431e+12, 1.4325745424e+13, 0.00655442604907, 34.2653524594, 1.05211157423e-07, 9.6869922299e+12
M1.0-v860-T3, 93, 161, 1.98914589516e+13, 1.66883031482e+12, 1.98910475686e+13, 0.00560636485426, 33.5910094288, 4.6169244183e-09, 1.39980835408e+13
M1.0-v860-T3, 107, 150, 2.5420086859e+13, 1.39876508887e+12, 2.53015741285e+13, 0.0110371672363, 22.1520432763, 4.37865172939e-10, 1.47028358453e+13
M6.2-v3000-T1, 212, 2579, 6.0347549811e+13, 3.80015934531e+12, 6.03450627869e+13, 0.0289551489379, 28.9107382494, 5.73421924631e-08, 2.37872450354e+13
M6.2-v3000-T1, 288, 2418, 7.16469808065e+13, 6.04071920245e+12, 7.16428813778e+13, 0.0344347576169, 24.1664579595, 1.64110748518e-07, 2.6033840918e+13
M6.2-v3000-T1, 206, 2584, 1.75693001191e+14, 186398668.75, 1.75691235717e+14, 0.238426963418, 15.6611313507, 3.6239129475e-09, 2.09916694364e+13
M6.2-v3000-T1, 334, 2314, 6.01126319513e+13, 2.17342917739e+12, 6.01117286713e+13, 0.0362587643359, 39.3361587986, 4.24485072877e-07, 2.13049689777e+13
M1.0-v1500-T10, 55, 156, 1.39676957819e+13, 138251735346.0, 1.39669093304e+13, 0.0106216338599, 21.9458341978, 2.50596052589e-10, 8.18232422432e+12
M1.0-v1500-T10, 78, 131, 1.86222595141e+13, 1.23637982354e+13, 1.86221003783e+13, 0.00551772523488, 37.5348672565, 2.32923960583e-05, 1.31561243313e+13
M1.0-v1500-T10, 72, 119, 2.231845536e+13, 2.04285520787e+12, 2.21634931265e+13, 0.0202501884895, 18.8799995193, 4.62638184706e-10, 1.02846988153e+13
M1.0-v1500-T10, 86, 140, 1.63960105787e+13, 1.86990913327e+13, 1.63949072833e+13, 0.00912290541621, 31.847831533, 1.50087712216e-05, 1.00823724096e+13
M1.0-v480-T1, 68, 420, 1.09899941361e+13, 2.4635568883e+12, 1.09897229284e+13, 0.00826300123856, 34.065679043, 4.20233031007e-07, 6.96340238251e+12
M1.0-v480-T1, 62, 414, 1.91223526905e+13, 1.99851468814e+12, 1.91221217289e+13, 0.00752647520389, 47.3179691332, 2.02880677263e-07, 1.24483105445e+13
M1.0-v480-T1, 93, 352, 2.25581113478e+13, 3.57317716833e+12, 2.25487406714e+13, 0.00776921526886, 22.5870303584, 4.4960193268e-09, 1.45523893036e+13
M1.0-v480-T1, 117, 335, 2.65782124464e+13, 1.35279780551e+12, 2.65781555637e+13, 0.0101173943243, 50.5695818753, 1.61945650212e-06, 1.58183501021e+13
