Run, velocity(km/s), b(km/s), N_fit, upper_N_err, lower_N_err, q_fit, upper_q_err, lower_q_err, area, area_err
M3.6-v1000-T0.3-c, 51, 942, 1.80479212671e+14, 2319977.1875, 1.80476970928e+14, 1.57569943493, 14.207634332, 3.72563235818e-08, 6.22498601161e+12
M3.6-v1000-T0.3-c, 62, 886, 1.98126699737e+14, 1533280.15625, 1.98125982858e+14, 0.966998457098, 11.3261255892, 9.38334887568e-09, 9.34747402852e+12
M3.6-v1000-T0.3-c, 108, 823, 1.01079394518e+14, 7821611.0, 1.01061093106e+14, 0.529791078589, 5.4306669756, 5.77345693475e-09, 7.12019521475e+12
M3.6-v1000-T0.3-c, 172, 715, 1.56012279818e+14, 3269422.375, 1.56011459899e+14, 0.623427552538, 12.0752541247, 1.1131808253e-08, 9.85477289433e+12
M3.6-v3000-T3-c, 26, 2716, 6.14202601484e+14, 3133428293.75, 6.14201821488e+14, 0.173529481191, 18.595266482, 2.57190455044e-09, 8.99043126664e+13
M3.6-v3000-T3-c, 50, 504, 1.28050598315e+18, 19460881408.0, 1.28050598311e+18, 9.67651311629, 16.4841397497, 9.07765473652e-05, 1.852508267e+16
M3.6-v3000-T3-c, 50, 376, 1.40899429717e+15, 15565846.25, 1.40899348002e+15, 0.631413616542, 16.0245340608, 7.53101880857e-09, 8.82463885147e+13
M3.6-v3000-T3-c, 62, 537, 3.52300910417e+15, 44277239.5, 3.52300892061e+15, 7.57656058899, 9.01803265694, 6.69515289742e-05, 5.52480169472e+13
M3.5-v1700-T1-c, 9, 1577, 4.34823999552e+14, 1771118144.06, 4.34819082494e+14, 0.297801342433, 20.0854158766, 4.59636928518e-09, 4.49340717176e+13
M3.5-v1700-T1-c, 27, 1567, 5.85128772516e+14, 4311249.0, 5.85127783382e+14, 0.705435657012, 14.952108274, 7.6727837417e-09, 3.40291666507e+13
M3.5-v1700-T1-c, 27, 1474, 4.39594436474e+14, 4697762.9375, 4.39594043641e+14, 1.36923824601, 17.8762606765, 2.34697101753e-08, 1.65606439804e+13
M3.5-v1700-T1-c, 26, 1556, 4.11680256136e+14, 3947455.625, 4.11679890385e+14, 6.25470777105, 6.46865611112, 3.97587578682e-06, 6.93532138821e+12
M3.8-v1000-T0.3, 194, 707, 1.5809694055e+14, 1.68370595386e+13, 1.58093810326e+14, 0.0102225264311, 31.3579146488, 2.43909081743e-07, 9.37793585856e+13
M3.8-v1000-T0.3, 252, 583, 1.87568433221e+14, 3.161949794e+13, 1.87566994799e+14, 0.00887424459112, 32.1425241585, 2.47761133446e-07, 1.16324082651e+14
M3.8-v1000-T0.3, 287, 525, 2.65638666943e+14, 1.95467111407e+12, 2.65638034237e+14, 0.0146400506573, 26.6186539675, 3.22707557378e-08, 1.39060080552e+14
M3.8-v1000-T0.3, 301, 522, 1.93112377882e+14, 5.18916599371e+12, 1.92922034342e+14, 0.0202373229729, 30.4405437208, 1.77674055329e-09, 8.90126786457e+13
M3.6-v3000-T3, 169, 2592, 1.61428741819e+14, 3.52612129895e+13, 1.61423645888e+14, 0.0157459746301, 36.813866288, 4.41210497651e-07, 8.2220628087e+13
M3.6-v3000-T3, 188, 2457, 3.13809709117e+14, 3.86119543588e+12, 3.13805836116e+14, 0.0398249618661, 26.3306015672, 3.51215267286e-09, 1.06209148036e+14
M3.6-v3000-T3, 203, 2439, 3.6504057056e+14, 3.49026981554e+12, 3.65038624363e+14, 0.03211403778, 29.8869900218, 9.18116271204e-09, 1.37119130204e+14
M3.6-v3000-T3, 204, 2583, 2.72410787737e+14, 432088086265.0, 2.7240549012e+14, 0.162222699449, 31.3567224267, 1.02540977376e-08, 4.15964996641e+13
M3.5-v1700-T1, 169, 1388, 1.61504942497e+14, 5.02921054407e+13, 1.61504724064e+14, 0.017528595457, 40.4745124154, 9.60585353688e-05, 7.89026926995e+13
M3.5-v1700-T1, 201, 1286, 2.13126621364e+14, 8.35457022785e+13, 2.13126409444e+14, 0.0151051436136, 45.7160805886, 1.97840555831e-05, 1.10273417623e+14
M3.5-v1700-T1, 229, 1235, 3.87701225862e+14, 1.7181178277e+12, 3.87700123663e+14, 0.026116449008, 17.3096864958, 5.99905077003e-10, 1.60129443052e+14
M3.5-v1700-T1, 207, 1311, 3.09549325242e+14, 1.84209249747e+12, 3.0954827125e+14, 0.0533583601811, 43.3802464481, 7.88738896695e-08, 9.01663236489e+13
M3.8-v1000-T0.3-hc, 327, 509, 1.17170933638e+15, 8.02963139799e+14, 1.17170789251e+15, 0.0201015515936, 37.7843830051, 0.000147157895127, 5.41590568895e+14
M3.8-v1000-T0.3-hc, 324, 495, 1.57683568753e+15, 1.03767976669e+13, 1.5768344748e+15, 0.054377394583, 33.7013307807, 5.3615386901e-08, 4.54723273182e+14
M3.8-v1000-T0.3-hc, 410, 353, 1.06639747254e+15, 1.55288587903e+13, 1.06639737991e+15, 0.0356211222425, 34.4700724037, 1.29741919738e-05, 3.81215607833e+14
M3.8-v1000-T0.3-hc, 577, 99, 1.03350270553e+15, 3.38816623234e+13, 1.03350228319e+15, 0.0655029758085, 30.8404712868, 1.34465964637e-06, 2.69510766297e+14
M3.5-v1700-T1-hc, 73, 413, 1.90993858921e+15, 24855345.0, 1.90993792519e+15, 8.22788331321, 8.31224948934, 4.86645102526e-06, 2.91097154934e+13
M3.5-v1700-T1-hc, 125, 1453, 1.96671603878e+15, 43771768.75, 1.96671545929e+15, 0.907698711605, 13.3417975151, 2.30306999027e-08, 9.67383983674e+13
M3.5-v1700-T1-hc, 75, 2816, 8.54205057126e+12, 134617.379883, 8.54124742422e+12, 22.0890827021, 0.121712761427, 0.000240976268163, 1.01978646259e+11
M3.5-v1700-T1-hc, 89, 2804, 3.11323498789e+13, 542891.882812, 3.11322817935e+13, 24.2036639858, 0.341659408416, 0.0012099641948, 3.66204787841e+11
M3.6-v3000-T3-hc, 50, 438, 6.73637488666e+15, 85335744.0, 6.73637426706e+15, 5.29481225515, 10.8135347427, 1.53771977374e-07, 1.21507148536e+14
M3.6-v3000-T3-hc, 52, 2680, 5.81155581608e+15, 66542384.0, 5.81155250433e+15, 4.64147079059, 13.8813007607, 1.15104869636e-07, 1.11081733551e+14
M3.6-v3000-T3-hc, 70, 437, 2.60881036484e+15, 46691908.0, 2.60881035167e+15, 10.8924739911, 8.41303282731, 0.000969569152796, 3.64497918103e+13
M3.6-v3000-T3-hc, 54, 2790, 1.30832030354e+15, 27164742.75, 1.30832016445e+15, 18.9539592998, 10.5860099746, 0.000626777108408, 1.60526247219e+13
M6.5-v1700-T0.3-lc, 128, 1509, 4.36952694908e+14, 5878917.5625, 4.36952402114e+14, 2.36818275482, 18.0914993873, 5.98524327877e-08, 1.18127390239e+13
M6.5-v1700-T0.3-lc, 131, 1477, 3.18371550105e+14, 135565967.625, 3.1836932699e+14, 0.545845423375, 15.467015516, 8.97882890261e-09, 2.19825747685e+13
M6.5-v1700-T0.3-lc, 131, 1469, 3.18853698986e+14, 3341672.5625, 3.18809897255e+14, 0.938426383122, 7.13564000374, 1.75881318398e-08, 1.53431323196e+13
M6.5-v1700-T0.3-lc, 190, 1382, 4.86561056442e+14, 4540770.5625, 4.86558357022e+14, 1.48968845592, 9.03708271534, 2.71300519827e-08, 1.73806539748e+13
M6.5-v1700-T0.3-c, 35, 1649, 4.17190261673e+14, 6204265586.0, 4.17190181879e+14, 0.222038235372, 33.6243543135, 4.93350005293e-09, 5.21915850407e+13
M6.5-v1700-T0.3-c, 49, 1588, 3.80692339064e+14, 16387066.4375, 3.80691708238e+14, 0.739063252081, 13.9007278349, 1.51860833908e-08, 2.1462466445e+13
M6.5-v1700-T0.3-c, 67, 1521, 4.80018875947e+14, 16827081.875, 4.80015648898e+14, 0.795968865356, 10.8306470851, 1.76069679947e-08, 2.57581687501e+13
M6.5-v1700-T0.3-c, 88, 1500, 3.03449263915e+14, 2425863.4375, 3.03443677639e+14, 3.09164584685, 9.53210290085, 4.1285705521e-08, 7.08357527769e+12
M11.4-v3000-T0.3-c, 140, 2833, 2.31040982926e+15, 32696714.5, 2.31040841109e+15, 0.419638924624, 20.5040908092, 5.58443247201e-09, 1.90205409084e+14
M11.4-v3000-T0.3-c, 40, 2949, 1.17085952517e+15, 16480901.5, 1.17085850642e+15, 0.557588748254, 16.6751829644, 6.15705131324e-09, 7.96996139194e+13
M11.4-v3000-T0.3-c, 123, 2868, 1.53044552446e+15, 549898527.0, 1.53044447535e+15, 0.648674687195, 16.611652404, 1.02168685734e-08, 9.41386252075e+13
M11.4-v3000-T0.3-c, 194, 2629, 6.55295672631e+14, 4477484.25, 6.55294287641e+14, 3.19963697146, 6.3331014658, 4.18553072201e-08, 1.50231751412e+13
M1.0-v860-T3-c, -3, 663, 3.45488302886e+14, 2505623.125, 3.45450759373e+14, 0.879865429865, 8.73840726162, 1.06438312608e-08, 1.73471486132e+13
M1.0-v860-T3-c, 8, 841, 2.39927890558e+14, 80157134.8438, 2.39926887448e+14, 0.273676044049, 22.2051248629, 4.86579204706e-09, 2.62059196718e+13
M1.0-v860-T3-c, 10, 708, 3.27977125026e+14, 11507334.0625, 3.27976957967e+14, 0.740605788262, 14.0995695719, 1.60366627755e-08, 1.8464831148e+13
M1.0-v860-T3-c, 18, 755, 2.42475671292e+14, 2250107.0, 2.42473346817e+14, 1.52227914007, 12.4506217774, 2.92641375577e-08, 8.54504064394e+12
M1.0-v1500-T10-c, -20, 812, 7.06446197245e+14, 5413770.25, 7.06446148046e+14, 2.83796148935, 16.1179880156, 5.16130675976e-08, 1.72655247366e+13
M1.0-v1500-T10-c, 7, 361, 2.58845449773e+14, 1451468.34375, 2.58825421335e+14, 0.89996202602, 4.72971608183, 8.25656576442e-09, 1.28042042607e+13
M1.0-v1500-T10-c, 15, 664, 4.96515504768e+14, 3688385.75, 4.96514762383e+14, 0.52708384902, 18.2998528496, 7.59213436563e-09, 3.50955784804e+13
M1.0-v1500-T10-c, 20, 407, 3.54538592181e+14, 2848282.5625, 3.54538393621e+14, 4.93257470299, 10.7853450041, 1.61878059135e-06, 6.59475301241e+12
M1.0-v480-T1-c, -1, 459, 6.45177756924e+13, 433810.265625, 6.45057009977e+13, 0.79679474002, 6.79321030111, 7.61427121354e-09, 3.45968570527e+12
M1.0-v480-T1-c, 9, 492, 2.85526680338e+14, 3508803.25, 2.85526604865e+14, 3.80738659312, 9.1794781717, 1.78229004755e-06, 5.99307150294e+12
M1.0-v480-T1-c, 7, 499, 1.53884596494e+14, 4018384.375, 1.53884568075e+14, 4.71409708081, 14.4898507824, 2.43102797448e-07, 2.92078337901e+12
M1.0-v480-T1-c, 16, 516, 3.81363041163e+13, 568730.203125, 3.81353131587e+13, 11.3867279151, 4.98517000686, 4.81008962439e-07, 5.26279315695e+11
M6.5-v1700-T0.3, 245, 1320, 2.52364421615e+14, 8.20981857821e+13, 2.52362490243e+14, 0.0206934627945, 32.2828732412, 3.50307834054e-06, 1.1525165285e+14
M6.5-v1700-T0.3, 303, 1223, 3.10383836108e+14, 6.55172752042e+12, 3.1038373617e+14, 0.0324505088987, 40.7908366945, 1.513993209e-05, 1.16016138783e+14
M6.5-v1700-T0.3, 254, 1278, 4.13206458875e+14, 167620849994.0, 4.13191230498e+14, 0.0826566002794, 24.0031126721, 2.00451048815e-09, 9.45682579579e+13
M6.5-v1700-T0.3, 346, 1190, 2.87398039434e+14, 54692640084.4, 2.87395709675e+14, 0.0550732886451, 26.156864356, 7.98909348398e-10, 8.23206577129e+13
M11.4-v3000-T0.3, 301, 2492, 5.31728130486e+14, 567037093492.0, 5.31728090131e+14, 0.0657350966345, 48.5652405306, 2.72321794445e-06, 1.38391377983e+14
M11.4-v3000-T0.3, 370, 2353, 5.92834086683e+14, 1.12671555908e+13, 5.92834029537e+14, 0.067127717531, 43.4408970991, 8.70220593363e-07, 1.52522219476e+14
M11.4-v3000-T0.3, 400, 2294, 8.68119421369e+14, 52973260139.8, 8.68119197641e+14, 0.180600743465, 30.2386881013, 4.27258259328e-09, 1.23909112282e+14
M11.4-v3000-T0.3, 535, 2011, 3.72586980885e+14, 3.76586179406e+13, 3.72586863424e+14, 0.101703199252, 27.6120928876, 7.27496711789e-07, 7.55883669618e+13
M0.5-v430-T3, 44, 422, 7.19603374743e+13, 5.17543545366e+12, 7.19597364512e+13, 0.0184925601411, 46.9018357943, 3.81550160151e-07, 3.44130215724e+13
M0.5-v430-T3, 54, 417, 8.61594077523e+13, 182253366085.0, 8.61593983597e+13, 0.012223163647, 45.9983354659, 1.06545472476e-07, 4.81293539294e+13
M0.5-v430-T3, 54, 462, 5.63522532534e+13, 8.89973725052e+12, 5.63502691442e+13, 0.00723280457161, 39.1812325172, 7.42272861493e-07, 3.70968118005e+13
M0.5-v430-T3, 69, 476, 6.13828338073e+13, 4.9036802585e+12, 6.13809893249e+13, 0.00661375348335, 37.1042163517, 6.8342930413e-08, 4.14059815289e+13
M1.0-v860-T3, 58, 755, 7.55125987899e+13, 1.31993166128e+12, 7.55069775272e+13, 0.0191296423879, 24.6185205597, 4.20390063732e-09, 3.56202054842e+13
M1.0-v860-T3, 63, 716, 5.75614041593e+13, 1.67740118531e+13, 5.75591503958e+13, 0.00557258630419, 31.2811209219, 2.6266944124e-07, 4.05674012018e+13
M1.0-v860-T3, 95, 635, 8.4036674784e+13, 1.80922728415e+13, 8.4036500283e+13, 0.00493174780964, 38.0233517194, 1.0911148168e-06, 6.0968575556e+13
M1.0-v860-T3, 109, 586, 1.01603206367e+14, 7.5426496414e+12, 1.0160264223e+14, 0.00885204466898, 33.7391000577, 4.46161681473e-07, 6.30593012032e+13
M6.2-v3000-T1, 218, 2572, 2.87872786429e+14, 1.33447534255e+14, 2.87870707442e+14, 0.0286328708319, 29.8148513738, 6.93068722649e-06, 1.14054770836e+14
M6.2-v3000-T1, 299, 2406, 3.20138782183e+14, 1.8166842968e+13, 3.20136797779e+14, 0.0286305865295, 30.5741646156, 7.71172227465e-09, 1.26843142562e+14
M6.2-v3000-T1, 208, 2582, 7.69921315975e+14, 2890841760.0, 7.69912981979e+14, 0.216977317059, 14.6547746992, 5.09181197206e-09, 9.77586488865e+13
M6.2-v3000-T1, 344, 2302, 2.67069952253e+14, 2.63015428614e+13, 2.67022919185e+14, 0.0305786000208, 29.9429745506, 9.32050522769e-08, 1.02648829389e+14
M1.0-v1500-T10, 57, 304, 5.41476778712e+13, 1.31528982398e+13, 5.41475537282e+13, 0.00922700756522, 25.8745961166, 9.80074421454e-07, 3.31801633306e+13
M1.0-v1500-T10, 80, 231, 7.79993473164e+13, 1.95826285506e+13, 7.79986554641e+13, 0.00558871865898, 32.3824206619, 4.24198322059e-07, 5.49324583672e+13
M1.0-v1500-T10, 72, 200, 9.94176493339e+13, 1.25124233692e+12, 9.94162882928e+13, 0.0202841116602, 25.9289143026, 2.37687816998e-09, 4.57814721499e+13
M1.0-v1500-T10, 87, 243, 7.11023944545e+13, 1.98686562471e+13, 7.11017795508e+13, 0.00836899913368, 30.1730246633, 1.26303769474e-06, 4.48813693331e+13
M1.0-v480-T1, 72, 415, 4.64231861153e+13, 1.65013933602e+13, 4.641682059e+13, 0.0072606372345, 29.3712003862, 8.17792671279e-07, 3.05278014178e+13
M1.0-v480-T1, 62, 413, 7.93789421264e+13, 1.73259416884e+14, 7.93631717364e+13, 0.00629483228245, 42.4706615776, 0.000483611708782, 5.42473981716e+13
M1.0-v480-T1, 95, 348, 9.45510636429e+13, 1.08252060775e+13, 9.45505448622e+13, 0.00757425826021, 37.6888688626, 4.049391761e-07, 6.14405425029e+13
M1.0-v480-T1, 121, 330, 1.08359462276e+14, 1.80307760011e+13, 1.08357969402e+14, 0.00879052279564, 44.9673095346, 2.80050396271e-07, 6.73954699652e+13
