Run, velocity(km/s), b(km/s), N_fit, upper_N_err, lower_N_err, q_fit, upper_q_err, lower_q_err, area, area_err
M3.6-v1000-T0.3-c, 26, 13, 1.86041713644e+17, 2024034016.0, 1.8604171359e+17, 1.80737552484, 15.072712943, 3.67315899918e-08, 5.89831754927e+15
M3.6-v1000-T0.3-c, 36, 36, 8.6502490729e+16, 830220320.0, 8.65024906796e+16, 0.79997711118, 25.7678723527, 1.20226160139e-08, 4.62631477552e+15
M3.6-v1000-T0.3-c, 60, 45, 6.997524216e+16, 604327024.0, 6.99752411455e+16, 1.33448002974, 15.8286449089, 1.92122167064e-08, 2.67957801686e+15
M3.6-v1000-T0.3-c, 110, 98, 1.84101910945e+16, 631847168.0, 1.8410191018e+16, 0.52629906133, 18.1090309336, 6.4890492979e-09, 1.30260077917e+15
M3.6-v3000-T3-c, 20, 36, 6.86275146152e+15, 1.12510474548e+12, 6.86275137239e+15, 0.0193350156589, 45.2292081411, 6.04449696569e-06, 3.22318444404e+15
M3.6-v3000-T3-c, 1, 26, 7.09428947578e+16, 876464504.0, 7.09428947256e+16, 4.0097579317, 15.9720607304, 2.83260285538e-06, 1.45200316381e+15
M3.6-v3000-T3-c, 42, 46, 7.98540121102e+16, 1588735696.0, 7.98540118425e+16, 1.40369375878, 24.4105708063, 4.53620965235e-08, 2.96131976425e+15
M3.6-v3000-T3-c, 41, 47, 5.62678566559e+17, 10474720640.0, 5.62678565981e+17, 14.1991257616, 8.14679524221, 0.0074589929312, 7.34009359663e+15
M3.5-v1700-T1-c, 13, 24, 9.5453143266e+15, 56442155862.0, 9.5453124629e+15, 0.0363775255728, 22.6342389312, 1.20319049168e-09, 3.37765286304e+15
M3.5-v1700-T1-c, 20, 25, 5.90469928993e+16, 2030830080.0, 5.90469918628e+16, 0.649689782671, 16.9182422836, 8.13233302921e-09, 3.62821873567e+15
M3.5-v1700-T1-c, 28, 30, 3.11594114453e+17, 3851331968.0, 3.11594114386e+17, 6.52461922642, 14.6456467826, 7.64467906986e-05, 5.16371885357e+15
M3.5-v1700-T1-c, 37, 31, 2.10396854547e+17, 3018790976.0, 2.10396854486e+17, 7.24893549084, 15.4437056388, 0.000166223679777, 3.35216702353e+15
M3.8-v1000-T0.3, 106, 65, 2.85243344248e+16, 15544301420.0, 2.85243342483e+16, 0.364756253171, 29.6099322743, 5.06527686461e-09, 2.57793826194e+15
M3.8-v1000-T0.3, 139, 86, 2.55057601631e+16, 9511555976.0, 2.55057601602e+16, 0.344871444793, 34.8705673875, 5.16369130232e-08, 2.39244048095e+15
M3.8-v1000-T0.3, 152, 78, 1.84803105754e+16, 129167316.0, 1.84803013951e+16, 0.240756603777, 16.0317756154, 2.88286633454e-09, 2.19414845223e+15
M3.8-v1000-T0.3, 203, 122, 4.56850877956e+15, 1.18988748127e+12, 4.56850838813e+15, 0.0703240503628, 27.9578414042, 1.84791505708e-09, 1.14543379126e+15
M3.6-v3000-T3, 75, 76, 4.0606905847e+16, 69122433952.0, 4.06069044467e+16, 0.537787513532, 17.6217794542, 1.32032150768e-08, 2.83185502219e+15
M3.6-v3000-T3, 106, 76, 3.34625839455e+16, 673669832.0, 3.34625778332e+16, 0.510855397283, 16.4661164387, 5.17048437398e-09, 2.41532409539e+15
M3.6-v3000-T3, 104, 68, 3.41904687619e+16, 535005896.0, 3.41904687566e+16, 0.698747607685, 35.7604139223, 1.01147430431e-08, 2.00109467441e+15
M3.6-v3000-T3, 120, 86, 1.28097528028e+16, 126098654.0, 1.28097482898e+16, 0.332154722569, 18.3653607975, 4.61270810437e-09, 1.23180507389e+15
M3.5-v1700-T1, 87, 78, 7.31401773377e+16, 734009040.0, 7.31401747867e+16, 1.54235831464, 20.1592143533, 2.5592808095e-08, 2.55652148324e+15
M3.5-v1700-T1, 120, 93, 3.9230240922e+16, 432335992.0, 3.92302408957e+16, 0.753047371695, 32.4469129136, 1.23180736722e-08, 2.1842409003e+15
M3.5-v1700-T1, 131, 76, 3.25866810823e+16, 301404428.0, 3.25866801078e+16, 0.718380716597, 22.7309377232, 1.1163388991e-08, 1.87226931173e+15
M3.5-v1700-T1, 134, 92, 1.07095683183e+16, 2220419756.0, 1.07095682204e+16, 0.255631662725, 21.0309123245, 2.74715922233e-09, 1.22297483266e+15
M3.8-v1000-T0.3-hc, 171, 113, 7.43833820294e+16, 1.56588346414e+14, 7.43833786144e+16, 0.0294935044222, 44.8506785502, 8.84044367449e-06, 2.90722306904e+16
M3.8-v1000-T0.3-hc, 181, 123, 5.08930305864e+16, 2.097995761e+14, 5.08930300314e+16, 0.0195945999492, 38.5231174432, 2.4205166337e-06, 2.37725455447e+16
M3.8-v1000-T0.3-hc, 257, 195, 5.17471012588e+16, 4.81014274634e+13, 5.17471012067e+16, 0.0424403652392, 38.1541802123, 0.000185055823349, 1.69652193843e+16
M3.8-v1000-T0.3-hc, 369, 299, 4.74266896883e+16, 9.87550917378e+12, 4.7426689629e+16, 0.0973165690471, 45.878080711, 7.62957353274e-06, 9.87454072435e+15
M3.5-v1700-T1-hc, 55, 53, 1.68733405813e+18, 92695726592.0, 1.68733405813e+18, 2.72617289266, 27.5759417235, 8.17506382589e-08, 4.21540918208e+16
M3.5-v1700-T1-hc, 82, 58, 4.44104049552e+17, 3209306240.0, 4.44104049291e+17, 0.52013337025, 25.6297642732, 6.84755319114e-09, 3.16712838617e+16
M3.5-v1700-T1-hc, 74, 74, 3.18539718629e+17, 4853377408.0, 3.18539718624e+17, 2.15784939857, 20.582665351, 6.03129750587e-08, 9.08703783398e+15
M3.5-v1700-T1-hc, 75, 73, 3.05825897594e+17, 3200619968.0, 3.05825897063e+17, 2.09332247416, 13.0823355485, 4.16376479961e-08, 8.88105215913e+15
M3.6-v3000-T3-hc, 37, 24, 7.3789009519e+17, 29049411456.0, 7.37890095179e+17, 0.465282436697, 35.9030840859, 1.15076427276e-08, 5.66980920153e+16
M3.6-v3000-T3-hc, 38, 30, 1.44517475581e+18, 454544968192.0, 1.44517475581e+18, 1.58008031408, 28.1522768482, 3.99012691776e-08, 4.9760227605e+16
M3.6-v3000-T3-hc, 57, 52, 1.53631561889e+18, 274707250432.0, 1.53631561889e+18, 2.59628325135, 26.114096953, 5.5367498808e-07, 3.94326553922e+16
M3.6-v3000-T3-hc, 62, 61, 7.40582672656e+17, 89772054656.0, 7.40582672644e+17, 2.45604190674, 20.332116219, 5.60333527133e-07, 1.96107671014e+16
M6.5-v1700-T0.3-lc, 49, 53, 1.63722506117e+17, 1424341504.0, 1.63722505224e+17, 1.60066360314, 10.4441926329, 2.04923472857e-07, 5.5921955175e+15
M6.5-v1700-T0.3-lc, 68, 57, 1.27310090257e+17, 1102428864.0, 1.27310090175e+17, 1.81220530333, 16.6294491008, 2.8874369784e-08, 4.02974645938e+15
M6.5-v1700-T0.3-lc, 77, 76, 8.38608769425e+16, 839884080.0, 8.38608768549e+16, 1.61377894057, 17.1570791031, 2.99652138658e-08, 2.84995484104e+15
M6.5-v1700-T0.3-lc, 120, 107, 3.52865248885e+16, 328286652.0, 3.52865247839e+16, 1.45567419602, 13.4460550917, 2.64299597763e-08, 1.27890234008e+15
M6.5-v1700-T0.3-c, 23, 30, 7.86826528768e+15, 1.85336276878e+12, 7.86826478541e+15, 0.0255866123649, 43.0163730595, 3.57720824892e-07, 3.27955767671e+15
M6.5-v1700-T0.3-c, 46, 40, 6.21674093825e+16, 1212972616.0, 6.21674093724e+16, 0.727101339076, 21.5035651742, 1.50752750283e-08, 3.5431905323e+15
M6.5-v1700-T0.3-c, 64, 62, 1.10218850121e+17, 655640384.0, 1.10218850093e+17, 2.01515488653, 17.7058325934, 2.63426334079e-08, 3.27349910719e+15
M6.5-v1700-T0.3-c, 79, 77, 1.24812521256e+17, 1405003328.0, 1.24812521087e+17, 3.89907715436, 11.5697105527, 1.2406682437e-07, 2.58943327032e+15
M11.4-v3000-T0.3-c, 18, 39, 5.18928182624e+15, 3.37829991304e+12, 5.18927202695e+15, 0.0105412722466, 30.4609654978, 4.37070475645e-09, 3.04749530428e+15
M11.4-v3000-T0.3-c, 81, 86, 1.64894733163e+16, 1174311394.0, 1.64894731501e+16, 0.11651424399, 23.9120613194, 1.57723853422e-09, 3.08497159185e+15
M11.4-v3000-T0.3-c, 125, 61, 1.99894398196e+17, 6468887776.0, 1.99894398179e+17, 11.782476229, 13.5286320478, 0.0786334388517, 2.73305267963e+15
M11.4-v3000-T0.3-c, 176, 169, 2.04663835748e+17, 2752355232.0, 2.04663835628e+17, 7.73948598516, 10.324483587, 0.0150092839244, 3.1856067409e+15
M1.0-v860-T3-c, 7, 27, 3.62096034469e+16, 370177080.0, 3.62096033962e+16, 0.254054120489, 21.5686251232, 4.02787514453e-09, 4.15163229412e+15
M1.0-v860-T3-c, 8, 21, 2.78094402451e+16, 187206316.0, 2.78094402249e+16, 0.239489611384, 21.3814179517, 2.78401909859e-09, 3.3130943978e+15
M1.0-v860-T3-c, 10, 11, 2.41857895621e+17, 2925710752.0, 2.41857895487e+17, 5.70769664163, 15.1064439579, 1.0860971642e-06, 4.22727958957e+15
M1.0-v860-T3-c, 16, 8, 1.08090811901e+17, 1452466480.0, 1.08090811888e+17, 4.19350169284, 20.8949807389, 9.61527080001e-06, 2.16549754894e+15
M1.0-v1500-T10-c, 13, 34, 2.49939408403e+17, 3496954976.0, 2.49939408381e+17, 2.88820510553, 11.9805560006, 6.30392840031e-05, 6.05070780538e+15
M1.0-v1500-T10-c, 8, 23, 2.88278159444e+17, 4084075456.0, 2.8827815944e+17, 2.72085786447, 20.9253003099, 6.72062800966e-08, 7.20968773789e+15
M1.0-v1500-T10-c, 11, 16, 7.04071342814e+16, 1511471512.0, 7.04071337297e+16, 1.17884797365, 19.8481149426, 4.09896885323e-08, 2.9193061453e+15
M1.0-v1500-T10-c, 15, 11, 1.51897334937e+17, 1983631456.0, 1.51897334872e+17, 4.87030545789, 19.1487494624, 3.87857171287e-05, 2.84136079071e+15
M1.0-v480-T1-c, 3, 8, 9.85231248841e+16, 881779776.0, 9.85231232605e+16, 1.01392926075, 21.5428152118, 1.48328769267e-08, 4.50592829915e+15
M1.0-v480-T1-c, 7, 5, 9.34996418698e+16, 19133662832.0, 9.34996418645e+16, 1.04030166349, 12.3717872704, 4.6247476071e-06, 4.20493982541e+15
M1.0-v480-T1-c, 7, 9, 9.15752029559e+16, 778925744.0, 9.15752027927e+16, 1.80917455279, 19.1744270166, 3.11542489584e-08, 2.90157378093e+15
M1.0-v480-T1-c, 10, 10, 1.87955601162e+16, 165444316.0, 1.87955600456e+16, 0.477445310073, 14.1578417753, 5.94072302462e-09, 1.41949838438e+15
M6.5-v1700-T0.3, 123, 92, 9.06029757793e+16, 684505104.0, 9.06029749656e+16, 1.47011341312, 19.3849150241, 2.42036508613e-08, 3.2634447927e+15
M6.5-v1700-T0.3, 157, 100, 9.7058045089e+16, 809477664.0, 9.70580433876e+16, 1.76684614535, 18.8877079563, 2.23153249213e-08, 3.11987692755e+15
M6.5-v1700-T0.3, 150, 115, 4.2339177047e+16, 343091496.0, 4.23391769889e+16, 0.713030900121, 27.869556407, 1.11302457251e-08, 2.44476589233e+15
M6.5-v1700-T0.3, 237, 116, 1.24386494888e+16, 82053114.0, 1.24386489549e+16, 0.36291333711, 26.0035253854, 4.76434769414e-09, 1.12795227248e+15
M11.4-v3000-T0.3, 182, 126, 7.4052480152e+16, 1472194064.0, 7.40524801197e+16, 0.947579421812, 18.5335920578, 2.36704505996e-08, 3.54067701753e+15
M11.4-v3000-T0.3, 232, 163, 9.52901600916e+16, 646690096.0, 9.52901600665e+16, 2.01288555326, 17.4954916833, 3.7120140739e-08, 2.83201014453e+15
M11.4-v3000-T0.3, 244, 133, 5.72060188404e+16, 325874240.0, 5.72060187218e+16, 1.01508185001, 18.8762685772, 1.0971291653e-08, 2.61435570083e+15
M11.4-v3000-T0.3, 403, 350, 1.6227107344e+16, 968976334.0, 1.62271038205e+16, 0.516004177434, 19.3012608468, 4.33902558328e-09, 1.16343028325e+15
M0.5-v430-T3, 17, 27, 2.20175945252e+15, 1.87082920315e+14, 2.20175857572e+15, 0.00317896395605, 41.6277492191, 1.92278453139e-06, 1.74683616129e+15
M0.5-v430-T3, 20, 42, 2.06529738966e+15, 2.08884716656e+14, 2.0652903742e+15, 0.00224538606111, 36.5677116287, 4.19349580192e-07, 1.73247922285e+15
M0.5-v430-T3, 31, 30, 3.56618312479e+15, 4.959153442e+12, 3.56617789343e+15, 0.0281253737244, 35.9882648841, 2.11904097186e-08, 1.42450194514e+15
M0.5-v430-T3, 46, 31, 2.9801788951e+15, 9.57880966505e+12, 2.98017885804e+15, 0.0306280949879, 42.2643941652, 1.03268810785e-05, 1.14457464415e+15
M1.0-v860-T3, 19, 50, 4.54288483474e+15, 4.45190209632e+12, 4.54288471638e+15, 0.0104536288167, 43.9109500116, 3.6706569362e-07, 2.67519354888e+15
M1.0-v860-T3, 33, 40, 5.62600869175e+15, 8.98628062348e+12, 5.62600858741e+15, 0.0240646870172, 37.9115784254, 4.10364739991e-07, 2.40910454196e+15
M1.0-v860-T3, 60, 40, 4.81148354179e+15, 5.54916913317e+13, 4.81148343559e+15, 0.04076485145, 40.2337478533, 1.3206561192e-05, 1.60963967567e+15
M1.0-v860-T3, 75, 47, 3.25460536423e+15, 851584092568.0, 3.25460510561e+15, 0.0520941120539, 31.3482967867, 3.65043768824e-09, 9.60080622122e+14
M6.2-v3000-T1, 123, 83, 1.34915495942e+17, 1086338096.0, 1.34915495602e+17, 2.47907489994, 17.358456622, 4.5581565189e-08, 3.55378965573e+15
M6.2-v3000-T1, 158, 94, 9.09371620641e+16, 1179633312.0, 9.09371620607e+16, 1.54032854829, 25.333548446, 4.13124994214e-08, 3.18120397555e+15
M6.2-v3000-T1, 128, 141, 4.50394587419e+16, 483463448.0, 4.5039458467e+16, 0.70547412014, 18.8254487077, 1.25469897805e-08, 2.61925156313e+15
M6.2-v3000-T1, 274, 218, 6.94509376091e+15, 34116826887.0, 6.94509364703e+15, 0.183344019091, 26.6011650651, 3.31202246184e-09, 9.81882685255e+14
M1.0-v1500-T10, 24, 35, 4.69485382753e+15, 9.95486655459e+13, 4.6948536835e+15, 0.0156210204365, 45.227031176, 1.19055882305e-05, 2.39850132863e+15
M1.0-v1500-T10, 40, 33, 7.83092220378e+15, 339604173140.0, 7.83091958165e+15, 0.0471496795883, 18.4736967218, 6.69977830159e-10, 2.43325622136e+15
M1.0-v1500-T10, 41, 34, 1.48409088883e+16, 766541594.0, 1.484090885e+16, 0.204877587966, 23.4851424266, 2.16509107864e-09, 1.95500731388e+15
M1.0-v1500-T10, 58, 42, 3.75830769395e+15, 397113245284.0, 3.75830764302e+15, 0.0562144091719, 41.8546602455, 5.48365122699e-07, 1.06479817933e+15
M1.0-v480-T1, 21, 41, 3.33061933866e+15, 5.4840359621e+13, 3.33061922024e+15, 0.00648698392928, 38.4878228388, 1.02619044163e-05, 2.25825424339e+15
M1.0-v480-T1, 34, 47, 5.36687182413e+15, 1.75038371012e+13, 5.36687175621e+15, 0.0314448372444, 43.6257893628, 1.65674521721e-05, 2.03600922169e+15
M1.0-v480-T1, 54, 44, 9.23094986612e+15, 167560315438.0, 9.23094953521e+15, 0.0744005349394, 25.5978489207, 1.58531643368e-09, 2.24257738273e+15
M1.0-v480-T1, 85, 50, 3.51748362847e+15, 1.13296365146e+12, 3.51748348747e+15, 0.0397098113022, 40.0503130966, 2.40083678139e-07, 1.19220825591e+15
