Run, velocity(km/s), b(km/s), N_fit, upper_N_err, lower_N_err, q_fit, upper_q_err, lower_q_err, area, area_err
M3.6-v1000-T0.3-c, 25, 13, 1.27210276584e+17, 1103204400.0, 1.27210276395e+17, 1.84831807174, 16.2106138014, 2.95629161151e-08, 3.97879078371e+15
M3.6-v1000-T0.3-c, 36, 36, 5.67985985572e+16, 514885016.0, 5.67985983541e+16, 0.785911682227, 14.0697769735, 1.31059962882e-08, 3.07373620571e+15
M3.6-v1000-T0.3-c, 60, 45, 4.79617758562e+16, 336219200.0, 4.79617756629e+16, 1.27302348138, 18.0858168432, 1.5072052939e-08, 1.89273824868e+15
M3.6-v1000-T0.3-c, 110, 96, 1.35941644244e+16, 123445364.0, 1.359416424e+16, 0.528995470016, 26.7901979814, 8.33742985762e-09, 9.58559289001e+14
M3.6-v3000-T3-c, 19, 35, 4.91105184369e+15, 1.77158995281e+12, 4.911051761e+15, 0.0198127719536, 48.8937259189, 4.40478944589e-06, 2.28358387846e+15
M3.6-v3000-T3-c, 4, 27, 5.6463893683e+16, 700222304.0, 5.64638924716e+16, 4.1600425446, 7.12145681603, 0.000289848079348, 1.13550326247e+15
M3.6-v3000-T3-c, 42, 47, 5.027949472e+16, 583261920.0, 5.02794947162e+16, 1.23036811946, 22.1832032741, 2.61065840057e-08, 2.02806956036e+15
M3.6-v3000-T3-c, 39, 49, 3.46975483517e+17, 8003473920.0, 3.46975483362e+17, 14.0638523893, 10.6607789149, 0.009869978572, 4.5365202818e+15
M3.5-v1700-T1-c, 13, 24, 7.01442065116e+15, 295853366385.0, 7.01442061633e+15, 0.0361686880702, 39.3452508883, 7.71355494707e-07, 2.48903927196e+15
M3.5-v1700-T1-c, 20, 25, 4.28421491028e+16, 450366456.0, 4.28421490799e+16, 0.657811000896, 19.6456051807, 8.8732812209e-09, 2.61070706424e+15
M3.5-v1700-T1-c, 28, 29, 2.22902380302e+17, 3065653536.0, 2.22902380232e+17, 6.5196984275, 18.9794665796, 6.39217908738e-06, 3.6949966404e+15
M3.5-v1700-T1-c, 37, 32, 1.49384380873e+17, 2380277280.0, 1.49384380867e+17, 7.25994521517, 17.4281646302, 9.12637549204e-05, 2.37876982841e+15
M3.8-v1000-T0.3, 104, 76, 1.94487325832e+16, 44882658048.0, 1.94487325561e+16, 0.338671173219, 25.876156394, 6.35994423792e-09, 1.84633649955e+15
M3.8-v1000-T0.3, 136, 100, 1.76763114727e+16, 4296792802.0, 1.76763113782e+16, 0.334692484695, 32.2062956004, 5.96051530355e-09, 1.69124633239e+15
M3.8-v1000-T0.3, 150, 88, 1.29789470357e+16, 1026693520.0, 1.29789457843e+16, 0.242793173486, 22.5441060381, 3.51221313144e-09, 1.53258500952e+15
M3.8-v1000-T0.3, 199, 141, 3.32694661596e+15, 3.7458609377e+12, 3.32694579671e+15, 0.0787683171279, 33.6618743043, 2.000099594e-07, 7.82617050555e+14
M3.6-v3000-T3, 74, 88, 2.6948494199e+16, 12219072340.0, 2.69484940861e+16, 0.482729160394, 17.8692717871, 1.3624230355e-08, 2.02029862015e+15
M3.6-v3000-T3, 105, 82, 2.18063859222e+16, 265957348.0, 2.18063843492e+16, 0.474184329608, 18.7841723012, 4.7443557416e-09, 1.65445434358e+15
M3.6-v3000-T3, 102, 85, 2.3950361026e+16, 121840040.0, 2.395036089e+16, 0.698207135782, 20.805777422, 6.27514318285e-09, 1.40248779471e+15
M3.6-v3000-T3, 118, 95, 9.3205223778e+15, 77547922.0, 9.32052221783e+15, 0.342299355898, 19.9250193539, 4.83141121554e-09, 8.78610204923e+14
M3.5-v1700-T1, 85, 91, 4.95553488973e+16, 465307840.0, 4.95553487691e+16, 1.43536300885, 22.8564131811, 2.43510211995e-08, 1.81201508846e+15
M3.5-v1700-T1, 118, 103, 2.57039079294e+16, 284813832.0, 2.57039071474e+16, 0.683065547015, 17.9060891299, 9.27700272157e-09, 1.52738192258e+15
M3.5-v1700-T1, 129, 88, 2.26727674111e+16, 177830404.0, 2.26727669205e+16, 0.702897693961, 17.5229665249, 1.01545651887e-08, 1.32175085724e+15
M3.5-v1700-T1, 131, 123, 7.71212785625e+15, 60194517.0, 7.7121073244e+15, 0.270526250953, 7.93078661514, 2.46624576317e-09, 8.4874888799e+14
M3.8-v1000-T0.3-hc, 170, 127, 5.56663396386e+16, 5.91927936838e+13, 5.56663396346e+16, 0.0324257866675, 46.5953679672, 0.00196818373308, 2.08146192659e+16
M3.8-v1000-T0.3-hc, 180, 128, 3.79166383758e+16, 3.91670388058e+14, 3.79166382635e+16, 0.0201461136052, 45.5729180753, 0.000136577799197, 1.75098914888e+16
M3.8-v1000-T0.3-hc, 256, 188, 3.88890989756e+16, 3.13062480325e+13, 3.88890986728e+16, 0.0437535167983, 34.6434159493, 1.74294201988e-08, 1.25547884385e+16
M3.8-v1000-T0.3-hc, 368, 286, 3.59624035171e+16, 1.51028527848e+13, 3.59623733117e+16, 0.103724887246, 33.6328213726, 3.00356806093e-09, 7.21145783302e+15
M3.5-v1700-T1-hc, 57, 53, 1.05561707643e+18, 15215346560.0, 1.05561707635e+18, 2.82344523797, 16.9790633827, 9.6486893586e-08, 2.5871277239e+16
M3.5-v1700-T1-hc, 83, 58, 3.17400314054e+17, 3008883776.0, 3.1740031402e+17, 0.495386778896, 28.7448218889, 7.85178233542e-09, 2.33864556468e+16
M3.5-v1700-T1-hc, 74, 74, 2.30074105588e+17, 1.23005410422e+12, 2.30074105588e+17, 2.18846156054, 29.5336238974, 2.74627145913e-07, 6.50964796534e+15
M3.5-v1700-T1-hc, 75, 73, 2.23857565274e+17, 2680878912.0, 2.23857565015e+17, 2.1753929106, 18.7495287913, 1.68701803194e-07, 6.35590781122e+15
M3.6-v3000-T3-hc, 46, 28, 2.94364782997e+17, 2914546048.0, 2.94364782926e+17, 0.441514029715, 21.61257411, 7.67675528701e-09, 2.34252978167e+16
M3.6-v3000-T3-hc, 43, 33, 9.58531472453e+17, 200125162496.0, 9.58531472453e+17, 1.85395005112, 33.3649210416, 5.05551853713e-08, 2.99252245668e+16
M3.6-v3000-T3-hc, 58, 53, 9.90434405552e+17, 11328230656.0, 9.90434405328e+17, 2.83036700619, 15.6155745259, 4.84779151488e-07, 2.42414638977e+16
M3.6-v3000-T3-hc, 62, 61, 5.48227655547e+17, 10149494208.0, 5.48227655545e+17, 2.45521994413, 23.939891497, 7.75060065017e-08, 1.45199205411e+16
M6.5-v1700-T0.3-lc, 47, 52, 1.09060136258e+17, 906986976.0, 1.09060135412e+17, 1.7011627152, 16.1494531058, 2.65008632816e-08, 3.58782023156e+15
M6.5-v1700-T0.3-lc, 67, 56, 8.79525562236e+16, 949774368.0, 8.79525558951e+16, 1.76736039508, 21.9575724066, 3.30426679351e-08, 2.82668485066e+15
M6.5-v1700-T0.3-lc, 77, 76, 6.24034508447e+16, 576266824.0, 6.24034458188e+16, 1.65485305888, 13.6256436901, 3.25488151987e-08, 2.0880662475e+15
M6.5-v1700-T0.3-lc, 119, 108, 2.6156501627e+16, 301539756.0, 2.6156501436e+16, 1.49102613557, 23.4375927546, 2.69252944385e-08, 9.3382191294e+14
M6.5-v1700-T0.3-c, 23, 30, 5.84291823628e+15, 4.65845212834e+13, 5.84291800932e+15, 0.0265190966854, 50.3256528521, 1.96610661414e-05, 2.39679749527e+15
M6.5-v1700-T0.3-c, 43, 38, 4.34293090851e+16, 634083920.0, 4.34293090535e+16, 0.788033867205, 22.0955429285, 1.85396683561e-08, 2.34602658066e+15
M6.5-v1700-T0.3-c, 63, 61, 7.78936974976e+16, 438729664.0, 7.78936973896e+16, 2.03336214727, 13.074585026, 2.33670798266e-08, 2.30114015477e+15
M6.5-v1700-T0.3-c, 79, 77, 8.89440229863e+16, 1175880016.0, 8.89440227893e+16, 3.92892625942, 16.8076967026, 5.07592924581e-07, 1.83845396522e+15
M11.4-v3000-T0.3-c, 14, 35, 3.7298168895e+15, 1.58601945575e+12, 3.72981673621e+15, 0.01089525594, 39.8143700843, 1.14962995537e-06, 2.16663225333e+15
M11.4-v3000-T0.3-c, 84, 85, 1.20781509234e+16, 899312530.0, 1.2078149887e+16, 0.124920332898, 31.3156129254, 1.72911057694e-09, 2.16655184675e+15
M11.4-v3000-T0.3-c, 124, 62, 1.35340206535e+17, 3942695440.0, 1.3534020647e+17, 11.3677324569, 14.1530922805, 0.0065587103121, 1.86854637983e+15
M11.4-v3000-T0.3-c, 176, 169, 1.49392731744e+17, 2348037952.0, 1.49392731556e+17, 7.76116176688, 17.3600720772, 1.61746659737e-05, 2.32303634635e+15
M1.0-v860-T3-c, 7, 27, 2.73194872708e+16, 206039500.0, 2.73194824957e+16, 0.255240935734, 8.77885285364, 2.84302031917e-09, 3.12284546709e+15
M1.0-v860-T3-c, 6, 21, 1.54738493713e+16, 430415152.0, 1.54738482041e+16, 0.22847057391, 22.0370219548, 3.01499702982e-09, 1.90050190853e+15
M1.0-v860-T3-c, 10, 11, 1.6740559106e+17, 1908644928.0, 1.67405590749e+17, 5.40853519829, 15.218040098, 2.05915931417e-07, 2.99243736086e+15
M1.0-v860-T3-c, 17, 8, 7.54925117697e+16, 937593216.0, 7.54925116514e+16, 4.08680389401, 16.1159532273, 5.02118222556e-07, 1.53107348025e+15
M1.0-v1500-T10-c, 6, 32, 8.67654948055e+16, 2369572448.0, 8.6765494801e+16, 1.16724612778, 27.9723151278, 2.73599229939e-08, 3.62064344252e+15
M1.0-v1500-T10-c, 14, 24, 1.08331119637e+17, 1309390272.0, 1.08331119635e+17, 1.76586319049, 15.2373679117, 4.44269654398e-08, 3.48342451744e+15
M1.0-v1500-T10-c, 11, 16, 5.17187520288e+16, 1089046656.0, 5.17187519542e+16, 1.21391770566, 17.9286917501, 4.75386336962e-08, 2.10426733958e+15
M1.0-v1500-T10-c, 15, 11, 1.10330620045e+17, 1271183184.0, 1.1033062004e+17, 4.82811155378, 12.6091742998, 2.21309275794e-07, 2.07182150501e+15
M1.0-v480-T1-c, 3, 8, 7.40144594288e+16, 660794656.0, 7.40144592688e+16, 1.01764593363, 30.1710217271, 1.50677388344e-08, 3.37693000559e+15
M1.0-v480-T1-c, 7, 5, 6.32559825627e+16, 827465280.0, 6.32559825346e+16, 1.03477671624, 16.4766776669, 4.35145726119e-08, 2.85471845765e+15
M1.0-v480-T1-c, 7, 10, 6.05088133623e+16, 437092264.0, 6.05088113852e+16, 1.75253566411, 12.3178067532, 4.0180931693e-08, 1.95469029307e+15
M1.0-v480-T1-c, 10, 10, 1.25488954591e+16, 114234690.0, 1.25488674151e+16, 0.476247968528, 13.6688912548, 5.74449754431e-09, 9.49324702966e+14
M6.5-v1700-T0.3, 121, 108, 6.04895719714e+16, 653502024.0, 6.04895696099e+16, 1.3753709423, 19.3395698972, 2.27084360205e-08, 2.27234641942e+15
M6.5-v1700-T0.3, 156, 120, 6.38972911966e+16, 398427440.0, 6.38972896328e+16, 1.63532990844, 16.0062295599, 2.15904618628e-08, 2.15376555162e+15
M6.5-v1700-T0.3, 149, 146, 2.95294760154e+16, 230220124.0, 2.95294759284e+16, 0.709569759615, 25.1714446482, 1.02710963068e-08, 1.7106505666e+15
M6.5-v1700-T0.3, 234, 124, 9.06535204337e+15, 875229354.0, 9.06535202743e+15, 0.393941018783, 26.9016536956, 5.13969944382e-09, 7.78417418312e+14
M11.4-v3000-T0.3, 180, 125, 4.94590805275e+16, 767956368.0, 4.94590805166e+16, 0.845196641569, 19.7189788698, 2.25608853821e-08, 2.55035756348e+15
M11.4-v3000-T0.3, 229, 160, 6.72607340576e+16, 423618720.0, 6.72607338181e+16, 1.97030420349, 15.8747624297, 5.434969097e-08, 2.02456709689e+15
M11.4-v3000-T0.3, 242, 142, 4.20420425217e+16, 317822168.0, 4.20420424063e+16, 1.03610957781, 16.7738993465, 1.10159192879e-08, 1.89574518827e+15
M11.4-v3000-T0.3, 400, 324, 1.21871938383e+16, 398814108.0, 1.21871937224e+16, 0.555130628489, 15.5529707722, 5.82313586239e-09, 8.32033057703e+14
M0.5-v430-T3, 16, 32, 1.63246204611e+15, 4.37269893731e+13, 1.6324620392e+15, 0.0032873504904, 49.8104269232, 7.56756627781e-05, 1.28735507413e+15
M0.5-v430-T3, 19, 50, 1.50730669655e+15, 1.71393798696e+14, 1.50730662518e+15, 0.0029772098696, 47.6937076093, 0.000734594862808, 1.20967243815e+15
M0.5-v430-T3, 30, 34, 2.640128887e+15, 472271615346.0, 2.64012818552e+15, 0.030357864516, 31.181449781, 1.21025708205e-09, 1.01816477067e+15
M0.5-v430-T3, 45, 34, 2.1659820672e+15, 1.60766249397e+12, 2.16598203815e+15, 0.0330617082586, 40.6075562704, 2.98639520668e-07, 8.02478217406e+14
M1.0-v860-T3, 18, 64, 3.34118552165e+15, 2.66098608035e+13, 3.34118536436e+15, 0.0107326869084, 50.9520849436, 1.05163201507e-05, 1.95057518125e+15
M1.0-v860-T3, 32, 46, 4.06713854193e+15, 1.2642867169e+13, 4.06713851083e+15, 0.0244510699927, 49.0778415865, 2.30738091064e-06, 1.72949754625e+15
M1.0-v860-T3, 58, 45, 3.54154714089e+15, 2.36241219414e+12, 3.54154710829e+15, 0.0444080218101, 39.0865323136, 1.67374583478e-06, 1.13474285089e+15
M1.0-v860-T3, 73, 49, 2.40985203133e+15, 1.00595495259e+13, 2.40984985123e+15, 0.0587884917653, 36.192429886, 4.97386321435e-08, 6.66544744374e+14
M6.2-v3000-T1, 121, 90, 9.51611152618e+16, 690734464.0, 9.51611107377e+16, 2.39676060972, 10.2677239929, 2.83801737666e-08, 2.55507928228e+15
M6.2-v3000-T1, 157, 100, 6.10919974345e+16, 692651544.0, 6.10919973556e+16, 1.47211871179, 18.707511042, 2.86301560237e-08, 2.19860038768e+15
M6.2-v3000-T1, 128, 158, 3.03432214974e+16, 312152428.0, 3.03432214015e+16, 0.694173804368, 16.9993002381, 1.43885390269e-08, 1.78373081018e+15
M6.2-v3000-T1, 272, 208, 5.20266608665e+15, 407082864.0, 5.20266603688e+15, 0.209565502744, 28.0167112151, 3.06885752921e-09, 6.75496396727e+14
M1.0-v1500-T10, 24, 41, 3.3068669973e+15, 4.08936623439e+13, 3.3068622315e+15, 0.014897618003, 30.2713459606, 4.62563588891e-08, 1.71989933656e+15
M1.0-v1500-T10, 39, 40, 5.65153793994e+15, 320545445128.0, 5.65153727935e+15, 0.0478527798457, 32.6295369957, 1.00784505776e-07, 1.74269641898e+15
M1.0-v1500-T10, 40, 38, 1.07647382641e+16, 573184224.0, 1.07647381481e+16, 0.206229295145, 17.1964316781, 2.30879074192e-09, 1.41209562034e+15
M1.0-v1500-T10, 56, 46, 2.80193278486e+15, 2.28813376944e+12, 2.8019274196e+15, 0.0625936950175, 36.9158401455, 1.4273074278e-08, 7.49079303625e+14
M1.0-v480-T1, 20, 48, 2.49480642444e+15, 1.67444870907e+13, 2.49480627403e+15, 0.00719451568551, 42.7410762704, 8.25367482655e-07, 1.64476181075e+15
M1.0-v480-T1, 33, 56, 3.87430864573e+15, 8.70952702919e+12, 3.87428312031e+15, 0.0324909793482, 35.9190275844, 8.17354120497e-09, 1.44729657734e+15
M1.0-v480-T1, 53, 49, 6.60955056482e+15, 126981339988.0, 6.60954931525e+15, 0.0762512305645, 19.8590157616, 5.66620403375e-10, 1.5836547929e+15
M1.0-v480-T1, 83, 54, 2.54092105802e+15, 9.04515370493e+12, 2.54092049245e+15, 0.0450508186898, 42.4234394552, 1.11373372556e-06, 8.0819039496e+14
